1.000000000000000114e+03 -1.000000000000000000e+00 -1.000000000000000000e+00
1.004754208140241872e+03 -1.000000000000000000e+00 -1.000000000000000000e+00
1.009531018775526604e+03 -1.000000000000000000e+00 -1.000000000000000000e+00
1.014330539362816126e+03 -1.000000000000000000e+00 -1.000000000000000000e+00
1.019152877869952704e+03 -1.000000000000000000e+00 -1.000000000000000000e+00
1.023998142778073088e+03 -1.000000000000000000e+00 -1.000000000000000000e+00
1.028866443084061075e+03 -1.000000000000000000e+00 -1.000000000000000000e+00
1.033757888302995525e+03 -1.000000000000000000e+00 -1.000000000000000000e+00
1.038672588470604751e+03 -1.000000000000000000e+00 -1.000000000000000000e+00
1.043610654145760009e+03 -1.000000000000000000e+00 -1.000000000000000000e+00
1.048572196412942958e+03 -1.000000000000000000e+00 -1.000000000000000000e+00
1.053557326884760869e+03 -1.000000000000000000e+00 -1.000000000000000000e+00
1.058566157704450006e+03 -1.000000000000000000e+00 -1.000000000000000000e+00
1.063598801548392885e+03 -1.000000000000000000e+00 -1.000000000000000000e+00
1.068655371628668036e+03 -1.000000000000000000e+00 -1.000000000000000000e+00
1.073735981695578403e+03 -1.000000000000000000e+00 -1.000000000000000000e+00
1.078840746040226122e+03 -1.000000000000000000e+00 -1.000000000000000000e+00
1.083969779497077525e+03 -1.000000000000000000e+00 -1.000000000000000000e+00
1.089123197446538825e+03 -1.000000000000000000e+00 -1.000000000000000000e+00
1.094301115817567734e+03 -1.000000000000000000e+00 -1.000000000000000000e+00
1.099503651090263475e+03 -1.000000000000000000e+00 -1.000000000000000000e+00
1.104730920298502497e+03 -1.000000000000000000e+00 -1.000000000000000000e+00
1.109983041032564870e+03 -1.000000000000000000e+00 -1.000000000000000000e+00
1.115260131441772273e+03 -1.000000000000000000e+00 -1.000000000000000000e+00
1.120562310237162365e+03 -1.000000000000000000e+00 -1.000000000000000000e+00
1.125889696694140184e+03 -1.000000000000000000e+00 -1.000000000000000000e+00
1.131242410655177991e+03 -1.000000000000000000e+00 -1.000000000000000000e+00
1.136620572532504184e+03 -1.000000000000000000e+00 -1.000000000000000000e+00
1.142024303310804498e+03 -1.000000000000000000e+00 -1.000000000000000000e+00
1.147453724549961180e+03 -1.000000000000000000e+00 -1.000000000000000000e+00
1.152908958387767598e+03 -1.000000000000000000e+00 -1.000000000000000000e+00
1.158390127542692653e+03 -1.000000000000000000e+00 -1.000000000000000000e+00
1.163897355316634275e+03 -1.000000000000000000e+00 -1.000000000000000000e+00
1.169430765597686559e+03 -1.000000000000000000e+00 -1.000000000000000000e+00
1.174990482862943054e+03 -1.000000000000000000e+00 -1.000000000000000000e+00
1.180576632181276636e+03 -1.000000000000000000e+00 -1.000000000000000000e+00
1.186189339216172357e+03 -1.000000000000000000e+00 -1.000000000000000000e+00
1.191828730228544600e+03 -1.000000000000000000e+00 -1.000000000000000000e+00
1.197494932079571299e+03 -1.000000000000000000e+00 -1.000000000000000000e+00
1.203188072233562480e+03 -1.000000000000000000e+00 -1.000000000000000000e+00
1.208908278760819712e+03 -1.000000000000000000e+00 -1.000000000000000000e+00
1.214655680340510116e+03 -1.000000000000000000e+00 -1.000000000000000000e+00
1.220430406263578789e+03 -1.000000000000000000e+00 -1.000000000000000000e+00
1.226232586435635767e+03 -1.000000000000000000e+00 -1.000000000000000000e+00
1.232062351379898018e+03 -1.000000000000000000e+00 -1.000000000000000000e+00
1.237919832240116421e+03 -1.000000000000000000e+00 -1.000000000000000000e+00
1.243805160783519341e+03 -1.000000000000000000e+00 -1.000000000000000000e+00
1.249718469403793961e+03 -1.000000000000000000e+00 -1.000000000000000000e+00
1.255659891124043952e+03 -1.000000000000000000e+00 -1.000000000000000000e+00
1.261629559599801269e+03 -1.000000000000000000e+00 -1.000000000000000000e+00
1.267627609122023159e+03 -1.000000000000000000e+00 -1.000000000000000000e+00
1.273654174620106460e+03 -1.000000000000000000e+00 -1.000000000000000000e+00
1.279709391664940995e+03 -1.000000000000000000e+00 -1.000000000000000000e+00
1.285793396471938649e+03 -1.000000000000000000e+00 -1.000000000000000000e+00
1.291906325904114738e+03 -1.000000000000000000e+00 -1.000000000000000000e+00
1.298048317475160957e+03 -1.000000000000000000e+00 -1.000000000000000000e+00
1.304219509352528576e+03 -1.000000000000000000e+00 -1.000000000000000000e+00
1.310420040360557323e+03 -1.000000000000000000e+00 -1.000000000000000000e+00
1.316650049983575627e+03 -1.000000000000000000e+00 -1.000000000000000000e+00
1.322909678369057474e+03 -1.000000000000000000e+00 -1.000000000000000000e+00
1.329199066330767209e+03 -1.000000000000000000e+00 -1.000000000000000000e+00
1.335518355351918899e+03 -1.000000000000000000e+00 -1.000000000000000000e+00
1.341867687588378203e+03 -1.000000000000000000e+00 -1.000000000000000000e+00
1.348247205871838560e+03 -1.000000000000000000e+00 -1.000000000000000000e+00
1.354657053713052846e+03 -1.000000000000000000e+00 -1.000000000000000000e+00
1.361097375305054356e+03 -1.000000000000000000e+00 -1.000000000000000000e+00
1.367568315526391643e+03 -1.000000000000000000e+00 -1.000000000000000000e+00
1.374070019944406795e+03 -1.000000000000000000e+00 -1.000000000000000000e+00
1.380602634818489150e+03 -1.000000000000000000e+00 -1.000000000000000000e+00
1.387166307103382678e+03 -1.000000000000000000e+00 -1.000000000000000000e+00
1.393761184452485622e+03 -1.000000000000000000e+00 -1.000000000000000000e+00
1.400387415221162883e+03 -1.000000000000000000e+00 -1.000000000000000000e+00
1.407045148470102504e+03 -1.000000000000000000e+00 -1.000000000000000000e+00
1.413734533968647156e+03 -1.000000000000000000e+00 -1.000000000000000000e+00
1.420455722198182002e+03 -1.000000000000000000e+00 -1.000000000000000000e+00
1.427208864355512787e+03 -1.000000000000000000e+00 -1.000000000000000000e+00
1.433994112356257119e+03 -1.000000000000000000e+00 -1.000000000000000000e+00
1.440811618838283266e+03 -1.000000000000000000e+00 -1.000000000000000000e+00
1.447661537165119171e+03 -1.000000000000000000e+00 -1.000000000000000000e+00
1.454544021429424674e+03 -1.000000000000000000e+00 -1.000000000000000000e+00
1.461459226456447823e+03 -1.000000000000000000e+00 -1.000000000000000000e+00
1.468407307807498682e+03 -1.000000000000000000e+00 -1.000000000000000000e+00
1.475388421783470903e+03 -1.000000000000000000e+00 -1.000000000000000000e+00
1.482402725428332587e+03 -1.000000000000000000e+00 -1.000000000000000000e+00
1.489450376532680593e+03 -1.000000000000000000e+00 -1.000000000000000000e+00
1.496531533637281882e+03 -1.000000000000000000e+00 -1.000000000000000000e+00
1.503646356036628958e+03 -1.000000000000000000e+00 -1.000000000000000000e+00
1.510795003782546473e+03 -1.000000000000000000e+00 -1.000000000000000000e+00
1.517977637687766219e+03 -1.000000000000000000e+00 -1.000000000000000000e+00
1.525194419329566699e+03 -1.000000000000000000e+00 -1.000000000000000000e+00
1.532445511053397922e+03 -1.000000000000000000e+00 -1.000000000000000000e+00
1.539731075976525290e+03 -1.000000000000000000e+00 -1.000000000000000000e+00
1.547051277991719417e+03 -1.000000000000000000e+00 -1.000000000000000000e+00
1.554406281770919350e+03 -1.000000000000000000e+00 -1.000000000000000000e+00
1.561796252768958084e+03 -1.000000000000000000e+00 -1.000000000000000000e+00
1.569221357227274666e+03 -1.000000000000000000e+00 -1.000000000000000000e+00
1.576681762177646078e+03 -1.000000000000000000e+00 -1.000000000000000000e+00
1.584177635445965279e+03 -1.000000000000000000e+00 -1.000000000000000000e+00
1.591709145655991506e+03 -1.000000000000000000e+00 -1.000000000000000000e+00
1.599276462233166967e+03 -1.000000000000000000e+00 -1.000000000000000000e+00
1.606879755408416486e+03 -1.000000000000000000e+00 -1.000000000000000000e+00
1.614519196221969196e+03 -1.000000000000000000e+00 -1.000000000000000000e+00
1.622194956527227760e+03 -1.000000000000000000e+00 -1.000000000000000000e+00
1.629907208994608709e+03 -1.000000000000000000e+00 -1.000000000000000000e+00
1.637656127115449863e+03 -1.000000000000000000e+00 -1.000000000000000000e+00
1.645441885205902963e+03 -1.000000000000000000e+00 -1.000000000000000000e+00
1.653264658410843595e+03 -1.000000000000000000e+00 -1.000000000000000000e+00
1.661124622707838398e+03 -1.000000000000000000e+00 -1.000000000000000000e+00
1.669021954911072044e+03 -1.000000000000000000e+00 -1.000000000000000000e+00
1.676956832675352871e+03 -1.000000000000000000e+00 -1.000000000000000000e+00
1.684929434500095567e+03 -1.000000000000000000e+00 -1.000000000000000000e+00
1.692939939733329311e+03 -1.000000000000000000e+00 -1.000000000000000000e+00
1.700988528575750252e+03 -1.000000000000000000e+00 -1.000000000000000000e+00
1.709075382084766716e+03 -1.000000000000000000e+00 -1.000000000000000000e+00
1.717200682178561237e+03 -1.000000000000000000e+00 -1.000000000000000000e+00
1.725364611640206931e+03 -1.000000000000000000e+00 -1.000000000000000000e+00
1.733567354121752260e+03 -1.000000000000000000e+00 -1.000000000000000000e+00
1.741809094148379017e+03 -1.000000000000000000e+00 -1.000000000000000000e+00
1.750090017122526888e+03 -1.000000000000000000e+00 -1.000000000000000000e+00
1.758410309328086669e+03 -1.000000000000000000e+00 -1.000000000000000000e+00
1.766770157934583267e+03 -1.000000000000000000e+00 -1.000000000000000000e+00
1.775169751001372333e+03 -1.000000000000000000e+00 -1.000000000000000000e+00
1.783609277481894424e+03 -1.000000000000000000e+00 -1.000000000000000000e+00
1.792088927227913473e+03 -1.000000000000000000e+00 -1.000000000000000000e+00
1.800608890993777777e+03 -1.000000000000000000e+00 -1.000000000000000000e+00
1.809169360440736227e+03 -1.000000000000000000e+00 -1.000000000000000000e+00
1.817770528141219984e+03 -1.000000000000000000e+00 -1.000000000000000000e+00
1.826412587583204640e+03 -1.000000000000000000e+00 -1.000000000000000000e+00
1.835095733174532825e+03 -1.000000000000000000e+00 -1.000000000000000000e+00
1.843820160247314561e+03 -1.000000000000000000e+00 -1.000000000000000000e+00
1.852586065062308080e+03 -1.000000000000000000e+00 -1.000000000000000000e+00
1.861393644813326091e+03 -1.000000000000000000e+00 -1.000000000000000000e+00
1.870243097631692308e+03 -1.000000000000000000e+00 -1.000000000000000000e+00
1.879134622590687968e+03 -1.000000000000000000e+00 -1.000000000000000000e+00
1.888068419710018816e+03 -1.000000000000000000e+00 -1.000000000000000000e+00
1.897044689960342112e+03 -1.000000000000000000e+00 -1.000000000000000000e+00
1.906063635267754307e+03 -1.000000000000000000e+00 -1.000000000000000000e+00
1.915125458518363303e+03 -1.000000000000000000e+00 -1.000000000000000000e+00
1.924230363562840012e+03 -1.000000000000000000e+00 -1.000000000000000000e+00
1.933378555220990847e+03 -1.000000000000000000e+00 -1.000000000000000000e+00
1.942570239286395918e+03 -1.000000000000000000e+00 -1.000000000000000000e+00
1.951805622531002655e+03 -1.000000000000000000e+00 -1.000000000000000000e+00
1.961084912709809714e+03 -1.000000000000000000e+00 -1.000000000000000000e+00
1.970408318565524269e+03 -1.000000000000000000e+00 -1.000000000000000000e+00
1.979776049833248862e+03 -1.000000000000000000e+00 -1.000000000000000000e+00
1.989188317245226017e+03 -1.000000000000000000e+00 -1.000000000000000000e+00
1.998645332535547595e+03 -1.000000000000000000e+00 -1.000000000000000000e+00
2.008147308444944656e+03 -1.000000000000000000e+00 -1.000000000000000000e+00
2.017694458725562754e+03 -1.000000000000000000e+00 -1.000000000000000000e+00
2.027286998145756570e+03 -1.000000000000000000e+00 -1.000000000000000000e+00
2.036925142494952297e+03 -1.000000000000000000e+00 -1.000000000000000000e+00
2.046609108588465006e+03 -1.000000000000000000e+00 -1.000000000000000000e+00
2.056339114272409461e+03 -1.000000000000000000e+00 -1.000000000000000000e+00
2.066115378428585700e+03 -1.000000000000000000e+00 -1.000000000000000000e+00
2.075938120979389623e+03 -1.000000000000000000e+00 -1.000000000000000000e+00
2.085807562892792703e+03 -1.000000000000000000e+00 -1.000000000000000000e+00
2.095723926187275993e+03 -1.000000000000000000e+00 -1.000000000000000000e+00
2.105687433936855086e+03 -1.000000000000000000e+00 -1.000000000000000000e+00
2.115698310276087341e+03 -1.000000000000000000e+00 -1.000000000000000000e+00
2.125756780405097743e+03 -1.000000000000000000e+00 -1.000000000000000000e+00
2.135863070594678902e+03 -1.000000000000000000e+00 -1.000000000000000000e+00
2.146017408191341929e+03 -1.000000000000000000e+00 -1.000000000000000000e+00
2.156220021622466447e+03 -1.000000000000000000e+00 -1.000000000000000000e+00
2.166471140401420598e+03 -1.000000000000000000e+00 -1.000000000000000000e+00
2.176770995132716507e+03 -1.000000000000000000e+00 -1.000000000000000000e+00
2.187119817517223510e+03 -1.000000000000000000e+00 -1.000000000000000000e+00
2.197517840357348177e+03 -1.000000000000000000e+00 -1.000000000000000000e+00
2.207965297562302112e+03 -1.000000000000000000e+00 -1.000000000000000000e+00
2.218462424153348820e+03 -1.000000000000000000e+00 -1.000000000000000000e+00
2.229009456269079692e+03 -1.000000000000000000e+00 -1.000000000000000000e+00
2.239606631170755008e+03 -1.000000000000000000e+00 -1.000000000000000000e+00
2.250254187247606751e+03 -1.000000000000000000e+00 -1.000000000000000000e+00
2.260952364022232814e+03 -1.000000000000000000e+00 -1.000000000000000000e+00
2.271701402155971209e+03 -1.000000000000000000e+00 -1.000000000000000000e+00
2.282501543454300190e+03 -1.000000000000000000e+00 -1.000000000000000000e+00
2.293353030872310228e+03 -1.000000000000000000e+00 -1.000000000000000000e+00
2.304256108520131420e+03 -1.000000000000000000e+00 -1.000000000000000000e+00
2.315211021668460489e+03 -1.000000000000000000e+00 -1.000000000000000000e+00
2.326218016754059136e+03 -1.000000000000000000e+00 -1.000000000000000000e+00
2.337277341385288310e+03 -1.000000000000000000e+00 -1.000000000000000000e+00
2.348389244347710246e+03 -1.000000000000000000e+00 -1.000000000000000000e+00
2.359553975609644567e+03 -1.000000000000000000e+00 -1.000000000000000000e+00
2.370771786327828522e+03 -1.000000000000000000e+00 -1.000000000000000000e+00
2.382042928853049034e+03 -1.000000000000000000e+00 -1.000000000000000000e+00
2.393367656735807941e+03 -1.000000000000000000e+00 -1.000000000000000000e+00
2.404746224732052724e+03 -1.000000000000000000e+00 -1.000000000000000000e+00
2.416178888808894953e+03 -1.000000000000000000e+00 -1.000000000000000000e+00
2.427665906150351020e+03 -1.000000000000000000e+00 -1.000000000000000000e+00
2.439207535163163811e+03 -1.000000000000000000e+00 -1.000000000000000000e+00
2.450804035482576182e+03 -1.000000000000000000e+00 -1.000000000000000000e+00
2.462455667978209931e+03 -1.000000000000000000e+00 -1.000000000000000000e+00
2.474162694759897022e+03 -1.000000000000000000e+00 -1.000000000000000000e+00
2.485925379183607220e+03 -1.000000000000000000e+00 -1.000000000000000000e+00
2.497743985857361167e+03 -1.000000000000000000e+00 -1.000000000000000000e+00
2.509618780647164840e+03 -1.000000000000000000e+00 -1.000000000000000000e+00
2.521550030683021305e+03 -1.000000000000000000e+00 -1.000000000000000000e+00
2.533538004364927019e+03 -1.000000000000000000e+00 -1.000000000000000000e+00
2.545582971368891322e+03 -1.000000000000000000e+00 -1.000000000000000000e+00
2.557685202653039596e+03 -1.000000000000000000e+00 -1.000000000000000000e+00
2.569844970463668687e+03 -1.000000000000000000e+00 -1.000000000000000000e+00
2.582062548341412366e+03 -1.000000000000000000e+00 -1.000000000000000000e+00
2.594338211127350860e+03 -1.000000000000000000e+00 -1.000000000000000000e+00
2.606672234969233159e+03 -1.000000000000000000e+00 -1.000000000000000000e+00
2.619064897327671588e+03 -1.000000000000000000e+00 -1.000000000000000000e+00
2.631516476982368658e+03 -1.000000000000000000e+00 -1.000000000000000000e+00
2.644027254038419414e+03 -1.000000000000000000e+00 -1.000000000000000000e+00
2.656597509932595585e+03 -1.000000000000000000e+00 -1.000000000000000000e+00
2.669227527439663845e+03 -1.000000000000000000e+00 -1.000000000000000000e+00
2.681917590678780471e+03 -1.000000000000000000e+00 -1.000000000000000000e+00
2.694667985119843706e+03 -1.000000000000000000e+00 -1.000000000000000000e+00
2.707478997589949813e+03 -1.000000000000000000e+00 -1.000000000000000000e+00
2.720350916279831381e+03 -1.000000000000000000e+00 -1.000000000000000000e+00
2.733284030750323382e+03 -1.000000000000000000e+00 -1.000000000000000000e+00
2.746278631938915623e+03 -1.000000000000000000e+00 -1.000000000000000000e+00
2.759335012166252454e+03 -1.000000000000000000e+00 -1.000000000000000000e+00
2.772453465142747973e+03 -1.000000000000000000e+00 -1.000000000000000000e+00
2.785634285975176681e+03 -1.000000000000000000e+00 -1.000000000000000000e+00
2.798877771173297333e+03 -1.000000000000000000e+00 -1.000000000000000000e+00
2.812184218656556823e+03 -1.000000000000000000e+00 -1.000000000000000000e+00
2.825553927760754050e+03 -1.000000000000000000e+00 -1.000000000000000000e+00
2.838987199244807016e+03 -1.000000000000000000e+00 -1.000000000000000000e+00
2.852484335297504913e+03 -1.000000000000000000e+00 -1.000000000000000000e+00
2.866045639544288861e+03 -1.000000000000000000e+00 -1.000000000000000000e+00
2.879671417054120866e+03 -1.000000000000000000e+00 -1.000000000000000000e+00
2.893361974346301849e+03 -1.000000000000000000e+00 -1.000000000000000000e+00
2.907117619397405178e+03 -1.000000000000000000e+00 -1.000000000000000000e+00
2.920938661648191101e+03 -1.000000000000000000e+00 -1.000000000000000000e+00
2.934825412010546643e+03 -1.000000000000000000e+00 -1.000000000000000000e+00
2.948778182874521917e+03 -1.000000000000000000e+00 -1.000000000000000000e+00
2.962797288115311858e+03 -1.000000000000000000e+00 -1.000000000000000000e+00
2.976883043100356645e+03 -1.000000000000000000e+00 -1.000000000000000000e+00
2.991035764696418028e+03 -1.000000000000000000e+00 -1.000000000000000000e+00
3.005255771276692940e+03 -1.000000000000000000e+00 -1.000000000000000000e+00
3.019543382728011693e+03 -1.000000000000000000e+00 -1.000000000000000000e+00
3.033898920457990698e+03 -1.000000000000000000e+00 -1.000000000000000000e+00
3.048322707402303422e+03 -1.000000000000000000e+00 -1.000000000000000000e+00
3.062815068031926330e+03 -1.000000000000000000e+00 -1.000000000000000000e+00
3.077376328360418483e+03 -1.000000000000000000e+00 -1.000000000000000000e+00
3.092006815951304361e+03 -1.000000000000000000e+00 -1.000000000000000000e+00
3.106706859925383469e+03 -1.000000000000000000e+00 -1.000000000000000000e+00
3.121476790968186378e+03 -1.000000000000000000e+00 -1.000000000000000000e+00
3.136316941337389835e+03 -1.000000000000000000e+00 -1.000000000000000000e+00
3.151227644870275071e+03 -1.000000000000000000e+00 -1.000000000000000000e+00
3.166209236991278885e+03 -1.000000000000000000e+00 -1.000000000000000000e+00
3.181262054719491971e+03 -1.000000000000000000e+00 -1.000000000000000000e+00
3.196386436676282301e+03 -1.000000000000000000e+00 -1.000000000000000000e+00
3.211582723092893957e+03 -1.000000000000000000e+00 -1.000000000000000000e+00
3.226851255818082336e+03 -1.000000000000000000e+00 -1.000000000000000000e+00
3.242192378325849404e+03 -1.000000000000000000e+00 -1.000000000000000000e+00
3.257606435723116192e+03 -1.000000000000000000e+00 -1.000000000000000000e+00
3.273093774757535812e+03 -1.000000000000000000e+00 -1.000000000000000000e+00
3.288654743825269634e+03 3.750365121418182234e-19 2.888256183171618343e-17
3.304289692978808944e+03 4.345042384463296664e-18 2.938592913895697317e-17
3.319998973934893456e+03 1.638112859412043460e-18 2.666338427663618716e-17
3.335782940082369350e+03 2.229292706888762921e-18 2.282386055367652340e-17
3.351641946490189639e+03 4.066961671744810037e-18 1.919369663376540493e-17
3.367576349915376341e+03 2.385281929334615352e-18 1.773334770857474800e-17
3.383586508811030399e+03 2.868471672077901463e-18 1.574230436679911815e-17
3.399672783334432552e+03 3.798278634186500060e-18 1.528382598285482151e-17
3.415835535355126467e+03 2.934194029856341462e-18 1.617619811004906036e-17
3.432075128463039619e+03 2.041871076652147560e-18 1.746722182143893114e-17
3.448391927976707848e+03 2.522382997124097384e-18 1.905897213368747322e-17
3.464786300951438989e+03 3.946129275472048335e-18 1.905237564445654874e-17
3.481258616187628377e+03 4.603469285953659439e-18 1.736809641751064114e-17
3.497809244238994779e+03 3.286104820786023393e-18 1.471481530367466640e-17
3.514438557420969573e+03 3.311564428968809905e-18 1.251234123502862752e-17
3.531146929819047273e+03 3.083176840063332882e-18 1.170542879151670670e-17
3.547934737297183347e+03 4.138467215393095961e-18 1.129017333401274326e-17
3.564802357506288899e+03 3.296440973195482555e-18 1.060849840298920943e-17
3.581750169892705799e+03 4.177686422394282503e-18 1.097556559936325202e-17
3.598778555706723182e+03 3.825265395045231903e-18 1.180434625925857136e-17
3.615887898011199013e+03 5.189821403853023714e-18 1.291923378629477368e-17
3.633078581690126157e+03 4.248043568739998443e-18 1.291447773860756335e-17
3.650350993457343520e+03 5.478464538294712772e-18 1.173811147922896162e-17
3.667705521865178980e+03 5.181117298186552823e-18 1.013775329174902146e-17
3.685142557313240104e+03 5.525092829632414616e-18 9.042488596394263263e-18
3.702662492057178497e+03 4.209755165474090586e-18 8.219725918690364579e-18
3.720265720217485068e+03 4.864449136099325507e-18 7.748720432969207984e-18
3.737952637788406719e+03 4.723350995687190231e-18 7.844549136227174935e-18
3.755723642646826647e+03 4.088476462511123594e-18 7.820489258924630283e-18
3.773579134561196952e+03 6.018953647819779047e-18 8.436099282031949843e-18
3.791519515200582646e+03 5.981378021918110018e-18 9.080535765237078937e-18
3.809545188143635642e+03 6.881436640669000355e-18 9.420206028316717162e-18
3.827656558887735173e+03 6.822549611812527066e-18 8.925833096084914537e-18
3.845854034858049999e+03 5.786625573695759744e-18 8.128561507063041026e-18
3.864138025416754317e+03 6.199919086118043364e-18 7.190855988817250238e-18
3.882508941872216383e+03 6.446584668856085734e-18 6.654836198048086591e-18
3.900967197488228067e+03 6.004084151734409541e-18 6.501360192307784446e-18
3.919513207493342634e+03 6.152615831862795058e-18 5.679802524122340288e-18
3.938147389090202068e+03 6.886810388532901470e-18 6.057764780192118212e-18
3.956870161464886223e+03 6.339708948271488929e-18 5.770554696924093302e-18
3.975681945796411583e+03 6.899258834853264424e-18 6.539529854811133134e-18
3.994583165266129981e+03 7.157363045474948169e-18 6.894442421889526277e-18
4.013574245067319225e+03 7.409823770162740091e-18 7.244646790086452861e-18
4.032655612414684128e+03 7.887713010753750158e-18 7.178430569434407520e-18
4.051827696554018530e+03 8.366859555716458680e-18 7.040791905068341137e-18
4.071090928771840936e+03 8.440900177911030636e-18 6.537914174735145482e-18
4.090445742405073815e+03 7.991932465774331448e-18 5.867597993783550054e-18
4.109892572850832948e+03 8.861681601877551171e-18 5.619693311303397120e-18
4.129431857576209040e+03 8.951642653783573441e-18 5.434324194930602960e-18
4.149064036128072075e+03 9.141140390144345164e-18 5.572203332180888126e-18
4.168789550143025735e+03 9.618080204570000141e-18 5.671934923535847745e-18
4.188608843357272235e+03 9.063770940724798767e-18 5.823600247268011210e-18
4.208522361616649505e+03 8.549134850341399814e-18 6.038799165719920277e-18
4.228530552886646547e+03 9.740332245348398993e-18 6.206477129517992701e-18
4.248633867262442436e+03 9.297411612960594595e-18 6.236717180515307767e-18
4.268832756979097212e+03 9.768741764560001397e-18 6.036436760549856613e-18
4.289127676421659089e+03 9.703234258053722828e-18 5.929714925566499771e-18
4.309519082135439930e+03 9.908238066458644790e-18 5.392931516960245270e-18
4.330007432836264343e+03 9.777241889906601505e-18 4.860321695411708233e-18
4.350593189420763338e+03 1.051259927818222820e-17 4.709098066879449643e-18
4.371276814976797141e+03 1.033203443726432764e-17 4.621143350875119178e-18
4.392058774793810699e+03 1.070458583181519236e-17 4.776270285436128793e-18
4.412939536373356532e+03 1.058632077255857068e-17 4.884237033116963416e-18
4.433919569439587576e+03 1.111426367913867854e-17 5.069963628155345230e-18
4.454999345949795497e+03 1.137854568017358598e-17 5.311184049868869811e-18
4.476179340105090887e+03 1.166842899241415018e-17 5.516033698410677577e-18
4.497460028361001605e+03 1.162262479750841302e-17 5.582895078804420983e-18
4.518841889438248472e+03 1.210949113612803638e-17 5.775510322736967346e-18
4.540325404333490951e+03 1.227484473282222376e-17 6.067397815056333980e-18
4.561911056330120118e+03 1.223414424695595894e-17 5.264445369757802312e-18
4.583599331009193520e+03 1.266383676527614712e-17 4.786399974664314744e-18
4.605390716260285444e+03 1.307564772780917418e-17 4.570309694937083296e-18
4.627285702292524547e+03 1.323942426180727553e-17 4.350706688453302194e-18
4.649284781645598741e+03 1.350702910863964081e-17 4.346051068061378515e-18
4.671388449200801006e+03 1.343772148298017503e-17 4.367812869981153339e-18
4.693597202192232544e+03 1.367519798750179824e-17 4.436200647350077481e-18
4.715911540217912261e+03 1.425253167543750024e-17 4.541278841817090614e-18
4.738331965251077236e+03 1.411848315490531091e-17 4.645028129069733289e-18
4.760858981651452268e+03 1.471517051562035482e-17 4.765341065860857977e-18
4.783493096176563085e+03 1.465735244569210934e-17 4.824768021053742448e-18
4.806234817993196884e+03 1.494525974336666830e-17 5.449178033948169347e-18
4.829084658688823765e+03 1.564116404237912880e-17 5.434963825492375033e-18
4.852043132283080013e+03 1.589879720250695805e-17 4.751018130270741974e-18
4.875110755239395075e+03 1.626924731594482286e-17 4.346810430819618920e-18
4.898288046476534873e+03 1.646101056001896661e-17 3.978421404809815347e-18
4.921575527380353378e+03 1.708452732252393470e-17 3.893237408534961132e-18
4.944973721815440513e+03 1.731402282981270911e-17 3.821973147147624656e-18
4.968483156136977414e+03 1.689127215911610441e-17 3.768080988842275894e-18
4.992104359202549858e+03 1.731350966691092543e-17 3.873189359803918846e-18
5.015837862384007167e+03 1.760970817434957097e-17 4.039107656457533313e-18
5.039684199579487540e+03 1.796495707120416662e-17 4.195325902461551399e-18
5.063643907225387011e+03 1.819390500711083128e-17 4.088548568671667283e-18
5.087717524308403881e+03 1.893397295483140578e-17 4.149459438315533701e-18
5.111905592377734138e+03 1.853479960276611848e-17 4.175258844459003044e-18
5.136208655557164093e+03 1.978700369662926459e-17 5.250238476187829592e-18
5.160627260557404952e+03 1.988163477906885740e-17 4.628589581871070749e-18
5.185161956688301871e+03 1.976365711715040815e-17 4.387009343177675108e-18
5.209813295871262198e+03 1.929422607198306434e-17 3.783404888975815669e-18
5.234581832651644618e+03 1.966633555253599955e-17 3.620838171236365721e-18
5.259468124211199211e+03 1.975682905717359621e-17 3.474460718750750290e-18
5.284472730380667599e+03 2.021820626874156445e-17 3.510776571514786008e-18
5.309596213652340339e+03 -1.000000000000000000e+00 -1.000000000000000000e+00
5.334839139192684343e+03 -1.000000000000000000e+00 -1.000000000000000000e+00
5.360202074855125829e+03 -1.000000000000000000e+00 -1.000000000000000000e+00
5.385685591192744141e+03 -1.000000000000000000e+00 -1.000000000000000000e+00
5.411290261471187478e+03 -1.000000000000000000e+00 -1.000000000000000000e+00
5.437016661681485857e+03 -1.000000000000000000e+00 -1.000000000000000000e+00
5.462865370553082357e+03 -1.000000000000000000e+00 -1.000000000000000000e+00
5.488836969566823427e+03 -1.000000000000000000e+00 -1.000000000000000000e+00
5.514932042967998314e+03 -1.000000000000000000e+00 -1.000000000000000000e+00
5.541151177779557656e+03 -1.000000000000000000e+00 -1.000000000000000000e+00
5.567494963815280244e+03 -1.000000000000000000e+00 -1.000000000000000000e+00
5.593963993693007069e+03 -1.000000000000000000e+00 -1.000000000000000000e+00
5.620558862848053650e+03 -1.000000000000000000e+00 -1.000000000000000000e+00
5.647280169546515026e+03 -1.000000000000000000e+00 -1.000000000000000000e+00
5.674128514898810863e+03 2.383452906159999439e-17 7.035137562737462046e-18
5.701104502873122328e+03 2.385735511659630062e-17 7.306762843233571788e-18
5.728208740309051791e+03 2.590587317133676090e-17 1.029552283391052406e-17
5.755441836931246144e+03 2.528346965872919700e-17 9.350510028137743448e-18
5.782804405363072874e+03 2.527187319707970980e-17 7.530551368525238714e-18
5.810297061140477126e+03 2.527185216375289674e-17 6.418318880227375808e-18
5.837920422725786921e+03 2.508234806438057384e-17 6.086647274966004047e-18
5.865675111521594772e+03 2.549844877459424896e-17 7.000560245861357676e-18
5.893561751884816658e+03 2.505055825030642216e-17 7.004143639654662917e-18
5.921580971140646398e+03 2.613401795179362550e-17 6.831448624638902057e-18
5.949733399596757408e+03 2.697852177370283731e-17 8.009782566340284349e-18
5.978019670557388963e+03 2.687230420906549124e-17 6.445875247259926183e-18
6.006440420337679825e+03 2.788133882788181709e-17 5.742431722506671990e-18
6.034996288277939129e+03 2.825074671702308284e-17 5.280973384990342077e-18
6.063687916758000028e+03 2.847923915450138157e-17 5.091841922522084399e-18
6.092515951211737047e+03 2.869033816291527885e-17 5.262383056691964693e-18
6.121481040141554331e+03 2.928112846769040791e-17 5.399576656037334224e-18
6.150583835132932109e+03 3.096804484965479799e-17 5.990811294996115301e-18
6.179824990869174144e+03 3.135815837388367260e-17 6.217148252091593594e-18
6.209205165146034233e+03 3.144181311922837861e-17 5.345824809392743159e-18
6.238725018886603721e+03 3.177132806950946331e-17 4.824650424153947258e-18
6.268385216156138995e+03 3.071255952864966694e-17 4.443140980592577946e-18
6.298186424176960827e+03 3.104858036664199861e-17 5.423143635940645393e-18
6.328129313343556532e+03 3.184279850434799766e-17 4.951484112151720408e-18
6.358214557237558438e+03 3.154388788509138690e-17 6.005012539564248733e-18
6.388442832642982466e+03 3.209223465415658063e-17 5.180062954106987851e-18
6.418814819561416698e+03 3.300616599815328943e-17 5.395044245487292453e-18
6.449331201227280872e+03 3.386629180332727029e-17 4.693448848282812470e-18
6.479992664123285067e+03 3.351912535857857102e-17 4.199857422461736338e-18
6.510799897995768333e+03 3.319265361306128999e-17 3.986757486190690361e-18
6.541753595870306526e+03 3.479915442869677363e-17 4.106824406985912137e-18
6.572854454067261941e+03 3.549420934442307193e-17 4.129603400024577333e-18
6.604103172217414794e+03 3.398911523571146981e-17 4.348707510137263241e-18
6.635500453277782071e+03 3.519073304927974588e-17 3.952477215495671874e-18
6.667047003547335407e+03 3.671453916393670766e-17 4.885842320521169350e-18
6.698743532682974546e+03 3.696275184919624699e-17 4.333122394904168714e-18
6.730590753715463507e+03 3.787786642340187679e-17 3.867539097584344095e-18
6.762589383065413131e+03 3.874370904424874121e-17 3.618248803952745911e-18
6.794740140559511929e+03 3.969067978471728125e-17 3.512899596063813545e-18
6.827043749446587753e+03 4.037872646226172870e-17 3.838589233617732498e-18
6.859500936413994168e+03 3.997416095477116850e-17 3.846398586555523896e-18
6.892112431603904042e+03 4.114915419324573130e-17 3.977185929286876510e-18
6.924878968629698647e+03 4.223892829846545229e-17 3.772976878894837589e-18
6.957801284592562297e+03 4.369944360847332628e-17 4.467802313257582216e-18
6.990880120097957843e+03 4.375171976432650482e-17 3.771856019838441061e-18
7.024116219272383205e+03 4.450193681994012652e-17 3.417923070878021880e-18
7.057510329780066968e+03 4.566490828480832623e-17 3.224397650671128683e-18
7.091063202839749465e+03 4.588060680024881117e-17 3.120444399172507044e-18
7.124775593241660317e+03 4.596824244292940808e-17 3.164865110189571657e-18
7.158648259364461410e+03 4.584044335075941538e-17 3.260153082308162986e-18
7.192681963192260810e+03 4.654130194857427118e-17 3.427331285603128460e-18
7.226877470331854965e+03 4.512333384554012539e-17 3.601629090379044975e-18
7.261235550029838123e+03 4.490035883625813437e-17 4.291247952716643774e-18
7.295756975190018238e+03 4.579860767161839483e-17 3.846907832277688967e-18
7.330442522390694648e+03 4.712317694684828342e-17 3.498988851383158742e-18
7.365292971902219506e+03 4.790270676985942180e-17 3.235006834659529971e-18
7.400309107704518283e+03 4.828290578351761721e-17 3.087063950620709851e-18
7.435491717504673943e+03 4.804528223600738809e-17 3.059944045059025279e-18
7.470841592754737576e+03 4.810614397352584980e-17 3.288934397827420409e-18
7.506359528669483552e+03 4.814548759430673966e-17 3.608734146947141533e-18
7.542046324244267453e+03 4.784084455828945259e-17 3.250738616057624719e-18
7.577902782273087723e+03 4.490774916525610081e-17 2.823287817262507850e-18
7.613929709366530915e+03 4.489594860607458555e-17 2.770734066248757395e-18
7.650127915970047070e+03 4.655928602549725316e-17 2.859619882759201107e-18
7.686498216382045030e+03 4.672863975990823759e-17 3.381943937230129947e-18
7.723041428772323343e+03 4.743043955005054807e-17 3.211061483668375727e-18
7.759758375200432965e+03 4.730690408258315509e-17 3.210840255173769173e-18
7.796649881634122721e+03 4.786024307616183291e-17 3.154845812322016373e-18
7.833716777968003043e+03 4.817637110474731368e-17 3.575900784789649148e-18
7.870959898042184250e+03 4.923605415748930700e-17 3.627015298378310096e-18
7.908380079660973934e+03 4.884988970282446384e-17 3.599721052767824186e-18
7.945978164611841748e+03 4.895766489646402112e-17 3.452338967863635530e-18
7.983754998684224120e+03 4.939219373294841960e-17 3.602943063018054140e-18
8.021711431688682751e+03 4.830334690164209936e-17 3.163546510009142455e-18
8.059848317475888507e+03 4.843360408824166856e-17 2.809194138567779739e-18
8.098166513955948176e+03 4.734943868211405489e-17 2.560318115002199116e-18
8.136666883117648467e+03 4.716493125974278793e-17 2.435218406196876179e-18
8.175350291047803694e+03 4.704631412072216834e-17 2.429835170769419251e-18
8.214217607950831734e+03 4.720258799379333018e-17 2.526422776427543253e-18
8.253269708168287252e+03 4.636929843684540467e-17 3.299887307179348700e-18
8.292507470198474039e+03 4.571419473215228590e-17 3.277975587509789505e-18
8.331931776716324748e+03 4.472903607607020602e-17 2.969315202656004263e-18
8.371543514593129657e+03 4.438179571089597309e-17 3.497971866379237749e-18
8.411343574916614671e+03 4.596143359846200756e-17 3.407063268394631614e-18
8.451332853010855615e+03 4.651293952121741242e-17 3.098036522403494379e-18
8.491512248456532689e+03 4.652572650574356587e-17 2.790182313902257899e-18
8.531882665111128517e+03 4.579579246122758433e-17 2.465739812829813403e-18
8.572445011129188060e+03 4.570125853796420672e-17 2.360471881004640822e-18
8.613200198982875008e+03 4.513209412601911544e-17 2.836305380413232436e-18
8.654149145482428139e+03 4.501067350617912922e-17 2.881283865219198487e-18
8.695292771796750458e+03 4.499697646678502868e-17 2.607869691640273939e-18
8.736632003474231169e+03 4.417701036922705514e-17 3.501525246914062238e-18
8.778167770463445777e+03 4.408198942882344847e-17 2.690083204158042995e-18
8.819901007134192696e+03 4.389091028023570538e-17 3.411004094777004133e-18
8.861832652298457106e+03 4.382431673528047741e-17 3.195349578639291807e-18
8.903963649231474847e+03 4.335419031386462018e-17 3.137391493191847150e-18
8.946294945693087357e+03 4.379270187497323349e-17 2.507846819196794128e-18
8.988827493948907431e+03 4.359513859558873847e-17 2.582566396302775903e-18
9.031562250791870611e+03 4.433706286013116429e-17 2.457202754462223793e-18
9.074500177563704710e+03 4.456157830873518610e-17 2.325053315327193345e-18
9.117642240176504856e+03 4.481620049023101556e-17 2.332222021058448355e-18
9.160989409134583184e+03 4.527832137233256141e-17 2.529991272174982559e-18
9.204542659556162107e+03 4.598325003958447698e-17 2.834783504742503199e-18
9.248302971195427745e+03 4.648901643843998982e-17 2.553986787865989403e-18
9.292271328464526960e+03 4.619986094001772769e-17 3.718552409326610084e-18
9.336448720455649891e+03 4.750894862056441644e-17 3.590222639847966439e-18
9.380836140963412618e+03 4.878629507476189635e-17 3.309314154110897208e-18
9.425434588507056105e+03 5.034215516409329471e-17 3.410875267738472142e-18
9.470245066353052607e+03 5.140355118493689342e-17 3.315305474326714052e-18
9.515268582537613838e+03 5.216751634374097240e-17 3.095790099680167001e-18
9.560506149889302833e+03 5.235425376541894065e-17 3.043299970701934988e-18
9.605958786051958668e+03 5.342197968039166248e-17 3.065498843790116078e-18
9.651627513507435651e+03 5.460434996846435027e-17 3.759961212057538499e-18
9.697513359598737225e+03 5.606530201785782863e-17 4.390828879241254546e-18
9.743617356553064383e+03 5.835119151358922757e-17 4.023580319239670499e-18
9.789940541504993234e+03 5.619041432472200571e-17 5.616899310946568198e-18
9.836483956519919957e+03 -1.000000000000000000e+00 -1.000000000000000000e+00
9.883248648617365689e+03 -1.000000000000000000e+00 -1.000000000000000000e+00
9.930235669794657952e+03 -1.000000000000000000e+00 -1.000000000000000000e+00
9.977446077050535678e+03 -1.000000000000000000e+00 -1.000000000000000000e+00
1.002488093240887429e+04 -1.000000000000000000e+00 -1.000000000000000000e+00
1.007254130294269999e+04 6.678126322464117312e-17 2.448638111593270364e-17
1.012042826079808401e+04 6.860788850682874991e-17 2.257553334608724350e-17
1.016854288321830427e+04 6.981559246189624165e-17 2.108993456353433333e-17
1.021688625256812156e+04 7.321737015090370697e-17 1.195973496308154485e-17
1.026545945635800672e+04 7.370921872857194818e-17 1.251685498526677808e-17
1.031426358726875696e+04 7.401308008032962585e-17 9.589448962801262422e-18
1.036329974317596316e+04 7.371815172295852884e-17 8.715642149166852928e-18
1.041256902717473713e+04 7.065575720188193079e-17 7.209243823731144846e-18
1.046207254760458272e+04 7.131770803402049848e-17 5.832852332601760001e-18
1.051181141807420499e+04 7.141275744495662122e-17 5.099585324453738480e-18
1.056178675748671412e+04 7.175009733377738273e-17 5.079898899092175465e-18
1.061199969006466745e+04 7.097417740185476757e-17 5.377769706962415010e-18
1.066245134537541708e+04 7.137315296660832982e-17 5.978358639833060297e-18
1.071314285835655573e+04 7.215435605285175643e-17 8.930396852733626393e-18
1.076407536934132986e+04 7.167506118845178035e-17 5.849673230217301481e-18
1.081525002408444197e+04 7.097607779359535545e-17 8.207992465067146370e-18
1.086666797378770571e+04 7.056675678471978553e-17 5.122670494360874289e-18
1.091833037512599367e+04 7.000673251535403049e-17 6.619806884058354505e-18
1.097023839027329086e+04 6.878780581948737511e-17 6.725401701442009762e-18
1.102239318692872257e+04 6.692798884025518066e-17 6.138226727697529261e-18
1.107479593834297702e+04 6.704402789695225888e-17 5.542477345419814975e-18
1.112744782334457705e+04 6.464205361752271903e-17 4.844653701859328735e-18
1.118035002636643912e+04 6.323032980562500201e-17 5.308777414764385023e-18
1.123350373747256890e+04 6.212513042037977325e-17 4.269750344579101788e-18
1.128691015238469845e+04 6.018100384235222023e-17 6.184446308731800027e-18
1.134057047250935648e+04 5.865574461568111967e-17 4.611545219226742873e-18
1.139448590496476027e+04 5.800195591431796511e-17 6.215799427349233955e-18
1.144865766260801502e+04 5.595317100488900788e-17 4.873190117872087060e-18
1.150308696406245326e+04 5.643555478975494626e-17 5.757366413126494890e-18
1.155777503374490880e+04 5.611711952769555420e-17 6.802062244575527153e-18
1.161272310189343443e+04 5.493574981625326693e-17 5.577946296083385495e-18
1.166793240459484514e+04 5.376704591953224920e-17 6.037249866447454952e-18
1.172340418381256313e+04 5.257238713302688497e-17 4.144687074380769706e-18
1.177913968741461395e+04 5.120244142255590574e-17 3.894436780953804166e-18
1.183514016920156791e+04 5.066689132928406280e-17 3.610723928080494408e-18
1.189140688893490187e+04 5.046605825549789275e-17 3.349558192964859124e-18
1.194794111236521712e+04 5.106937742458000231e-17 4.935450240201904275e-18
1.200474411126075574e+04 4.948004857320746027e-17 5.990312919921733633e-18
1.206181716343605694e+04 4.989885696127052231e-17 3.775929392021548518e-18
1.211916155278057522e+04 4.964384593766354250e-17 7.439951072080916952e-18
1.217677856928772417e+04 4.912640261027708185e-17 6.405908524322352437e-18
1.223466950908376748e+04 4.727016581425669505e-17 6.772107084537026297e-18
1.229283567445702283e+04 4.740088820669793364e-17 5.530235515309585031e-18
1.235127837388720764e+04 4.665059529358556963e-17 3.464887451706773053e-18
1.240999892207473749e+04 4.576283526625202895e-17 3.716057764264197553e-18
1.246899863997047214e+04 4.481090252504342372e-17 3.650445804496247608e-18
1.252827885480529767e+04 4.391211104473838961e-17 3.459509431770429173e-18
1.258784090012003435e+04 4.237948189228701034e-17 5.031935362705734176e-18
1.264768611579548087e+04 4.023335228385999104e-17 8.133796239909824710e-18
1.270781584808242042e+04 3.969967339079108982e-17 6.664857549656209977e-18
1.276823144963208142e+04 3.960825947212969165e-17 7.738757446591604472e-18
1.282893427952642742e+04 3.965888611183332692e-17 5.355406053538555380e-18
1.288992570330878152e+04 3.991427874959205827e-17 7.719450740738408002e-18
1.295120709301459283e+04 3.957984643619314814e-17 3.428604344197957579e-18
1.301277982720216278e+04 3.967284911055049545e-17 6.082642505240088246e-18
1.307464529098383537e+04 4.030989698581749337e-17 7.537224319519075577e-18
1.313680487605702183e+04 -1.000000000000000000e+00 -1.000000000000000000e+00
1.319925998073554183e+04 -1.000000000000000000e+00 -1.000000000000000000e+00
1.326201200998113563e+04 -1.000000000000000000e+00 -1.000000000000000000e+00
1.332506237543498901e+04 -1.000000000000000000e+00 -1.000000000000000000e+00
1.338841249544952552e+04 -1.000000000000000000e+00 -1.000000000000000000e+00
1.345206379512032436e+04 -1.000000000000000000e+00 -1.000000000000000000e+00
1.351601770631813997e+04 -1.000000000000000000e+00 -1.000000000000000000e+00
1.358027566772118189e+04 -1.000000000000000000e+00 -1.000000000000000000e+00
1.364483912484740722e+04 -1.000000000000000000e+00 -1.000000000000000000e+00
1.370970953008706056e+04 -1.000000000000000000e+00 -1.000000000000000000e+00
1.377488834273536850e+04 -1.000000000000000000e+00 -1.000000000000000000e+00
1.384037702902532328e+04 -1.000000000000000000e+00 -1.000000000000000000e+00
1.390617706216074839e+04 -1.000000000000000000e+00 -1.000000000000000000e+00
1.397228992234933321e+04 -1.000000000000000000e+00 -1.000000000000000000e+00
1.403871709683600056e+04 -1.000000000000000000e+00 -1.000000000000000000e+00
1.410546007993634521e+04 -1.000000000000000000e+00 -1.000000000000000000e+00
1.417252037307023784e+04 -1.000000000000000000e+00 -1.000000000000000000e+00
1.423989948479564737e+04 -1.000000000000000000e+00 -1.000000000000000000e+00
1.430759893084250325e+04 -1.000000000000000000e+00 -1.000000000000000000e+00
1.437562023414683244e+04 4.229609240535773719e-17 1.722753873892735281e-18
1.444396492488506738e+04 4.139997866555826643e-17 1.640745805227282290e-18
1.451263454050832661e+04 4.119187701485447350e-17 3.479205182383333781e-18
1.458163062577718301e+04 4.030686739583069457e-17 3.592090020001276093e-18
1.465095473279626640e+04 4.023545031959740726e-17 3.450329919311425516e-18
1.472060842104924268e+04 4.000786567958347193e-17 3.436996170925438926e-18
1.479059325743394038e+04 3.967531339530597891e-17 3.370906736182278572e-18
1.486091081629744076e+04 4.013173517548803124e-17 6.021807581308890358e-18
1.493156267947170636e+04 3.997400285931035241e-17 1.821575601918780554e-18
1.500255043630899854e+04 3.997910668996302237e-17 4.610096413761705045e-18
1.507387568371768975e+04 4.098554350731999826e-17 2.993886824373195461e-18
1.514554002619824678e+04 4.166814078430167428e-17 3.813325340925652493e-18
1.521754507587915577e+04 4.208990186256666098e-17 2.576552103165013365e-18
1.528989245255341484e+04 4.244167346181751237e-17 2.068361701996864721e-18
1.536258378371478466e+04 4.210762928370667140e-17 3.680880734419707419e-18
1.543562070459447023e+04 4.216125348352294629e-17 2.717784767234132517e-18
1.550900485819797359e+04 4.117579315568677298e-17 4.528757234335512546e-18
1.558273789534186835e+04 4.075926216401026054e-17 4.230295483008514283e-18
1.565682147469117444e+04 4.060384477936854780e-17 3.117580730583160292e-18
1.573125726279648188e+04 3.972346296646774554e-17 2.935893275213796176e-18
1.580604693413150926e+04 3.898257049325039887e-17 4.273428103000086322e-18
1.588119217113083505e+04 3.776578044058254136e-17 2.127976864815889766e-18
1.595669466422757250e+04 3.654650166578049093e-17 3.757157899876136888e-18
1.603255611189161573e+04 3.587578234639602272e-17 2.702963263715632603e-18
1.610877822066767112e+04 3.493648163295967474e-17 2.054165111442101168e-18
1.618536270521371989e+04 3.426624543155806005e-17 4.579301407778422342e-18
1.626231128833965158e+04 3.380661148225390817e-17 2.612583812444772586e-18
1.633962570104582301e+04 3.251659376961563611e-17 3.973873646880296801e-18
1.641730768256225565e+04 3.193241073210000207e-17 3.004980101770604045e-18
1.649535898038756932e+04 3.165290954433129860e-17 2.980891589829733657e-18
1.657378135032833961e+04 3.121667373849694717e-17 1.624218263089646366e-18
1.665257655653869733e+04 2.990819405363875663e-17 4.549363663085944194e-18
1.673174637155979144e+04 3.060481775317734152e-17 1.862228861653188735e-18
1.681129257635994145e+04 3.032013172487022310e-17 2.099398657065649538e-18
1.689121696037448055e+04 2.995814955910807246e-17 2.753140078365548764e-18
1.697152132154608626e+04 2.851705936661212077e-17 1.776220328150498496e-18
1.705220746636530021e+04 2.857484069977443530e-17 4.928134446961583478e-18
1.713327720991098977e+04 2.905605862051110658e-17 2.128230354834748088e-18
1.721473237589139171e+04 2.857500508470367466e-17 3.067976190664968249e-18
1.729657479668495580e+04 2.810017141577153560e-17 2.435815452026083790e-18
1.737880631338165767e+04 2.760528275554221713e-17 2.861832404475058033e-18
1.746142877582446090e+04 2.759382293948913140e-17 2.190773218169398040e-18
1.754444404265073899e+04 2.735446301251871247e-17 1.151359062768385221e-18
1.762785398133434865e+04 2.624738244583597317e-17 3.975327247537390543e-18
1.771166046822742283e+04 2.634034133855827118e-17 1.381014436453393614e-18
1.779586538860266955e+04 2.670429651830708875e-17 1.930738938727205468e-18
1.788047063669585259e+04 2.570411051232727101e-17 1.358565652232714957e-18
1.796547811574818479e+04 -1.000000000000000000e+00 -1.000000000000000000e+00
1.805088973804943453e+04 -1.000000000000000000e+00 -1.000000000000000000e+00
1.813670742498069740e+04 -1.000000000000000000e+00 -1.000000000000000000e+00
1.822293310705772456e+04 -1.000000000000000000e+00 -1.000000000000000000e+00
1.830956872397442203e+04 -1.000000000000000000e+00 -1.000000000000000000e+00
1.839661622464625907e+04 -1.000000000000000000e+00 -1.000000000000000000e+00
1.848407756725440049e+04 -1.000000000000000000e+00 -1.000000000000000000e+00
1.857195471928951883e+04 -1.000000000000000000e+00 -1.000000000000000000e+00
1.866024965759617407e+04 -1.000000000000000000e+00 -1.000000000000000000e+00
1.874896436841730247e+04 -1.000000000000000000e+00 -1.000000000000000000e+00
1.883810084743873813e+04 -1.000000000000000000e+00 -1.000000000000000000e+00
1.892766109983434580e+04 -1.000000000000000000e+00 -1.000000000000000000e+00
1.901764714031094263e+04 -1.000000000000000000e+00 -1.000000000000000000e+00
1.910806099315365282e+04 -1.000000000000000000e+00 -1.000000000000000000e+00
1.919890469227156427e+04 -1.000000000000000000e+00 -1.000000000000000000e+00
1.929018028124331249e+04 -1.000000000000000000e+00 -1.000000000000000000e+00
1.938188981336315192e+04 2.841433542630564525e-17 1.213118145239369112e-18
1.947403535168713279e+04 2.706708732687142941e-17 1.731636061389612133e-18
1.956661896907948540e+04 2.737843545320580904e-17 1.815778471482865571e-18
1.965964274825931716e+04 2.790622408045194945e-17 2.100699058134654924e-18
1.975310878184735702e+04 2.793741715460975160e-17 3.298277177695130589e-18
1.984701917241312185e+04 2.783562709040891467e-17 1.349673736820566278e-18
1.994137603252216650e+04 2.583415625445328871e-17 2.311429813669630034e-18
2.003618148478360672e+04 2.423169047401384277e-17 1.392795503522425621e-18
2.013143766189795133e+04 2.514912152264999541e-17 1.468611890468793721e-18
2.022714670670493797e+04 2.726157518825157365e-17 1.442927935954336815e-18
2.032331077223184548e+04 2.698534602092062499e-17 1.703455486535962028e-18
2.041993202174187536e+04 2.623109177409362818e-17 1.738456819910646808e-18
2.051701262878283160e+04 2.519261889183207471e-17 3.342317606397090981e-18
2.061455477723605509e+04 2.486725623135950220e-17 1.678459102119760330e-18
2.071256066136547815e+04 2.430925820583576215e-17 2.654073103766726578e-18
2.081103248586701739e+04 2.391974531842256299e-17 2.757477434856288196e-18
2.090997246591818475e+04 2.330955331700723165e-17 1.529729350592732131e-18
2.100938282722788790e+04 2.310919200371902111e-17 2.369182824278463774e-18
2.110926580608657605e+04 2.295439737386107867e-17 2.370096559751895233e-18
2.120962364941642591e+04 2.285192954680118960e-17 2.254073305289723348e-18
2.131045861482194596e+04 2.230815068690710069e-17 1.963066266376601675e-18
2.141177297064086451e+04 2.219484889768697535e-17 3.792605214174156517e-18
2.151356899599489770e+04 2.179198165423040959e-17 2.334886938732727203e-18
2.161584898084133965e+04 2.067636580763625906e-17 2.091273316411514245e-18
2.171861522602431432e+04 2.060350995125639052e-17 2.974986110420295471e-18
2.182187004332666038e+04 2.026562976740404339e-17 2.348160700816468376e-18
2.192561575552199429e+04 1.905070666448303980e-17 3.585392203674868774e-18
2.202985469642671160e+04 1.948142710829367810e-17 3.157970691872889449e-18
2.213458921095283222e+04 1.928035245584799782e-17 2.503538858863305047e-18
2.223982165516047826e+04 1.854843552259773977e-17 3.212291324906040618e-18
2.234555439631097397e+04 1.763879950487174759e-17 2.927238222584130247e-18
2.245178981292017488e+04 1.743204681136629337e-17 3.586833559850939153e-18
2.255853029481176418e+04 1.709871930441180112e-17 3.538057813689459304e-18
2.266577824317127306e+04 1.234901707786194772e-17 3.894647635394265595e-18
2.277353607059990100e+04 1.483557312622277453e-17 3.201521739859520513e-18
2.288180620116884165e+04 1.416911870978736167e-17 3.354667730825072370e-18
2.299059107047392536e+04 1.391680880578132040e-17 3.457518190955175881e-18
2.309989312569014146e+04 1.425441978147212755e-17 3.674932996989943733e-18
2.320971482562704114e+04 1.396763400913206481e-17 3.849211572729813150e-18
2.332005864078375453e+04 1.339307526132826000e-17 4.344314670346148473e-18
2.343092705340468819e+04 1.255580435607043039e-17 4.782092422472261668e-18
2.354232255753544814e+04 1.350565646863709767e-17 5.095605832876266802e-18
2.365424765907868277e+04 1.132653142723324508e-17 5.687770961324756934e-18
2.376670487585079900e+04 1.293179994380691477e-17 6.366409270709100976e-18
2.387969673763832179e+04 1.221615895881063830e-17 7.174123039906993081e-18
2.399322578625490860e+04 6.349541240467500619e-18 7.358576345237104713e-18
2.410729457559863658e+04 -1.000000000000000000e+00 -1.000000000000000000e+00
2.422190567170915529e+04 -1.000000000000000000e+00 -1.000000000000000000e+00
2.433706165282579241e+04 -1.000000000000000000e+00 -1.000000000000000000e+00
2.445276510944525216e+04 -1.000000000000000000e+00 -1.000000000000000000e+00
2.456901864438000121e+04 -1.000000000000000000e+00 -1.000000000000000000e+00
2.468582487281691647e+04 -1.000000000000000000e+00 -1.000000000000000000e+00
2.480318642237584936e+04 -1.000000000000000000e+00 -1.000000000000000000e+00
2.492110593316907762e+04 -1.000000000000000000e+00 -1.000000000000000000e+00
2.503958605786040425e+04 -1.000000000000000000e+00 -1.000000000000000000e+00
2.515862946172496959e+04 -1.000000000000000000e+00 -1.000000000000000000e+00
2.527823882270928516e+04 -1.000000000000000000e+00 -1.000000000000000000e+00
2.539841683149118762e+04 -1.000000000000000000e+00 -1.000000000000000000e+00
2.551916619154074942e+04 -1.000000000000000000e+00 -1.000000000000000000e+00
2.564048961918078203e+04 -1.000000000000000000e+00 -1.000000000000000000e+00
2.576238984364808130e+04 -1.000000000000000000e+00 -1.000000000000000000e+00
2.588486960715489113e+04 -1.000000000000000000e+00 -1.000000000000000000e+00
2.600793166495033074e+04 -1.000000000000000000e+00 -1.000000000000000000e+00
2.613157878538271689e+04 -1.000000000000000000e+00 -1.000000000000000000e+00
2.625581374996158775e+04 -1.000000000000000000e+00 -1.000000000000000000e+00
2.638063935342032710e+04 -1.000000000000000000e+00 -1.000000000000000000e+00
2.650605840377919958e+04 -1.000000000000000000e+00 -1.000000000000000000e+00
2.663207372240817494e+04 -1.000000000000000000e+00 -1.000000000000000000e+00
2.675868814409080005e+04 -1.000000000000000000e+00 -1.000000000000000000e+00
2.688590451708765613e+04 -1.000000000000000000e+00 -1.000000000000000000e+00
2.701372570320056548e+04 -1.000000000000000000e+00 -1.000000000000000000e+00
2.714215457783704187e+04 -1.000000000000000000e+00 -1.000000000000000000e+00
2.727119403007469737e+04 -1.000000000000000000e+00 -1.000000000000000000e+00
2.740084696272662404e+04 -1.000000000000000000e+00 -1.000000000000000000e+00
2.753111629240637194e+04 -1.000000000000000000e+00 -1.000000000000000000e+00
2.766200494959367279e+04 -1.000000000000000000e+00 -1.000000000000000000e+00
2.779351587870047297e+04 -1.000000000000000000e+00 -1.000000000000000000e+00
2.792565203813696280e+04 -1.000000000000000000e+00 -1.000000000000000000e+00
2.805841640037826801e+04 -1.000000000000000000e+00 -1.000000000000000000e+00
2.819181195203127209e+04 -1.000000000000000000e+00 -1.000000000000000000e+00
2.832584169390178431e+04 -1.000000000000000000e+00 -1.000000000000000000e+00
2.846050864106217341e+04 -1.000000000000000000e+00 -1.000000000000000000e+00
2.859581582291896120e+04 -1.000000000000000000e+00 -1.000000000000000000e+00
2.873176628328117295e+04 -1.000000000000000000e+00 -1.000000000000000000e+00
2.886836308042870223e+04 -1.000000000000000000e+00 -1.000000000000000000e+00
2.900560928718113792e+04 -1.000000000000000000e+00 -1.000000000000000000e+00
2.914350799096696210e+04 -1.000000000000000000e+00 -1.000000000000000000e+00
2.928206229389285363e+04 -1.000000000000000000e+00 -1.000000000000000000e+00
2.942127531281357733e+04 -1.000000000000000000e+00 -1.000000000000000000e+00
2.956115017940208782e+04 -1.000000000000000000e+00 -1.000000000000000000e+00
2.970169004021991350e+04 -1.000000000000000000e+00 -1.000000000000000000e+00
2.984289805678810080e+04 -1.000000000000000000e+00 -1.000000000000000000e+00
2.998477740565812564e+04 -1.000000000000000000e+00 -1.000000000000000000e+00
3.012733127848347794e+04 -1.000000000000000000e+00 -1.000000000000000000e+00
3.027056288209143895e+04 -1.000000000000000000e+00 -1.000000000000000000e+00
3.041447543855518234e+04 -1.000000000000000000e+00 -1.000000000000000000e+00
3.055907218526638098e+04 -1.000000000000000000e+00 -1.000000000000000000e+00
3.070435637500784651e+04 -1.000000000000000000e+00 -1.000000000000000000e+00
3.085033127602679815e+04 -1.000000000000000000e+00 -1.000000000000000000e+00
3.099700017210851001e+04 -1.000000000000000000e+00 -1.000000000000000000e+00
3.114436636264982735e+04 -1.000000000000000000e+00 -1.000000000000000000e+00
3.129243316273384698e+04 -1.000000000000000000e+00 -1.000000000000000000e+00
3.144120390320412480e+04 -1.000000000000000000e+00 -1.000000000000000000e+00
3.159068193073974544e+04 -1.000000000000000000e+00 -1.000000000000000000e+00
3.174087060793072669e+04 -1.000000000000000000e+00 -1.000000000000000000e+00
3.189177331335331473e+04 -1.000000000000000000e+00 -1.000000000000000000e+00
3.204339344164643990e+04 -1.000000000000000000e+00 -1.000000000000000000e+00
3.219573440358772496e+04 -1.000000000000000000e+00 -1.000000000000000000e+00
3.234879962617033016e+04 -1.000000000000000000e+00 -1.000000000000000000e+00
3.250259255268019115e+04 -1.000000000000000000e+00 -1.000000000000000000e+00
3.265711664277310774e+04 -1.000000000000000000e+00 -1.000000000000000000e+00
3.281237537255304051e+04 -1.000000000000000000e+00 -1.000000000000000000e+00
3.296837223464994167e+04 -1.000000000000000000e+00 -1.000000000000000000e+00
3.312511073829844099e+04 -1.000000000000000000e+00 -1.000000000000000000e+00
3.328259440941694629e+04 -1.000000000000000000e+00 -1.000000000000000000e+00
3.344082679068656580e+04 -1.000000000000000000e+00 -1.000000000000000000e+00
3.359981144163130375e+04 -1.000000000000000000e+00 -1.000000000000000000e+00
3.375955193869773211e+04 -1.000000000000000000e+00 -1.000000000000000000e+00
3.392005187533560820e+04 -1.000000000000000000e+00 -1.000000000000000000e+00
3.408131486207882699e+04 -1.000000000000000000e+00 -1.000000000000000000e+00
3.424334452662627154e+04 -1.000000000000000000e+00 -1.000000000000000000e+00
3.440614451392390765e+04 -1.000000000000000000e+00 -1.000000000000000000e+00
3.456971848624637641e+04 -1.000000000000000000e+00 -1.000000000000000000e+00
3.473407012327956181e+04 -1.000000000000000000e+00 -1.000000000000000000e+00
3.489920312220346386e+04 -1.000000000000000000e+00 -1.000000000000000000e+00
3.506512119777499902e+04 -1.000000000000000000e+00 -1.000000000000000000e+00
3.523182808241206658e+04 -1.000000000000000000e+00 -1.000000000000000000e+00
3.539932752627711307e+04 -1.000000000000000000e+00 -1.000000000000000000e+00
3.556762329736162064e+04 -1.000000000000000000e+00 -1.000000000000000000e+00
3.573671918157107575e+04 -1.000000000000000000e+00 -1.000000000000000000e+00
3.590661898280963942e+04 -1.000000000000000000e+00 -1.000000000000000000e+00
3.607732652306631644e+04 -1.000000000000000000e+00 -1.000000000000000000e+00
3.624884564250047697e+04 -1.000000000000000000e+00 -1.000000000000000000e+00
3.642118019952842587e+04 -1.000000000000000000e+00 -1.000000000000000000e+00
3.659433407091032132e+04 -1.000000000000000000e+00 -1.000000000000000000e+00
3.676831115183696966e+04 -1.000000000000000000e+00 -1.000000000000000000e+00
3.694311535601802461e+04 -1.000000000000000000e+00 -1.000000000000000000e+00
3.711875061576953885e+04 -1.000000000000000000e+00 -1.000000000000000000e+00
3.729522088210264337e+04 -1.000000000000000000e+00 -1.000000000000000000e+00
3.747253012481253245e+04 -1.000000000000000000e+00 -1.000000000000000000e+00
3.765068233256737585e+04 -1.000000000000000000e+00 -1.000000000000000000e+00
3.782968151299856981e+04 -1.000000000000000000e+00 -1.000000000000000000e+00
3.800953169279046415e+04 -1.000000000000000000e+00 -1.000000000000000000e+00
3.819023691777111526e+04 -1.000000000000000000e+00 -1.000000000000000000e+00
3.837180125300342479e+04 -1.000000000000000000e+00 -1.000000000000000000e+00
3.855422878287620551e+04 -1.000000000000000000e+00 -1.000000000000000000e+00
3.873752361119654233e+04 -1.000000000000000000e+00 -1.000000000000000000e+00
3.892168986128173856e+04 -1.000000000000000000e+00 -1.000000000000000000e+00
3.910673167605222261e+04 -1.000000000000000000e+00 -1.000000000000000000e+00
3.929265321812484035e+04 -1.000000000000000000e+00 -1.000000000000000000e+00
3.947945866990615468e+04 -1.000000000000000000e+00 -1.000000000000000000e+00
3.966715223368701118e+04 -1.000000000000000000e+00 -1.000000000000000000e+00
3.985573813173666713e+04 -1.000000000000000000e+00 -1.000000000000000000e+00
4.004522060639791744e+04 -1.000000000000000000e+00 -1.000000000000000000e+00
4.023560392018267885e+04 -1.000000000000000000e+00 -1.000000000000000000e+00
4.042689235586760333e+04 -1.000000000000000000e+00 -1.000000000000000000e+00
4.061909021659059363e+04 -1.000000000000000000e+00 -1.000000000000000000e+00
4.081220182594757352e+04 -1.000000000000000000e+00 -1.000000000000000000e+00
4.100623152808968734e+04 -1.000000000000000000e+00 -1.000000000000000000e+00
4.120118368782121979e+04 -1.000000000000000000e+00 -1.000000000000000000e+00
4.139706269069750851e+04 -1.000000000000000000e+00 -1.000000000000000000e+00
4.159387294312376616e+04 -1.000000000000000000e+00 -1.000000000000000000e+00
4.179161887245419348e+04 -1.000000000000000000e+00 -1.000000000000000000e+00
4.199030492709150712e+04 -1.000000000000000000e+00 -1.000000000000000000e+00
4.218993557658716600e+04 -1.000000000000000000e+00 -1.000000000000000000e+00
4.239051531174170668e+04 -1.000000000000000000e+00 -1.000000000000000000e+00
4.259204864470587927e+04 -1.000000000000000000e+00 -1.000000000000000000e+00
4.279454010908216151e+04 -1.000000000000000000e+00 -1.000000000000000000e+00
4.299799426002667315e+04 -1.000000000000000000e+00 -1.000000000000000000e+00
4.320241567435181059e+04 -1.000000000000000000e+00 -1.000000000000000000e+00
4.340780895062897616e+04 -1.000000000000000000e+00 -1.000000000000000000e+00
4.361417870929216588e+04 -1.000000000000000000e+00 -1.000000000000000000e+00
4.382152959274189197e+04 -1.000000000000000000e+00 -1.000000000000000000e+00
4.402986626544956380e+04 -1.000000000000000000e+00 -1.000000000000000000e+00
4.423919341406256717e+04 -1.000000000000000000e+00 -1.000000000000000000e+00
4.444951574750948930e+04 -1.000000000000000000e+00 -1.000000000000000000e+00
4.466083799710610765e+04 -1.000000000000000000e+00 -1.000000000000000000e+00
4.487316491666207003e+04 -1.000000000000000000e+00 -1.000000000000000000e+00
4.508650128258728364e+04 -1.000000000000000000e+00 -1.000000000000000000e+00
4.530085189400002855e+04 -1.000000000000000000e+00 -1.000000000000000000e+00
4.551622157283443084e+04 -1.000000000000000000e+00 -1.000000000000000000e+00
4.573261516394905630e+04 -1.000000000000000000e+00 -1.000000000000000000e+00
4.595003753523614432e+04 -1.000000000000000000e+00 -1.000000000000000000e+00
4.616849357773058728e+04 -1.000000000000000000e+00 -1.000000000000000000e+00
4.638798820572059049e+04 -1.000000000000000000e+00 -1.000000000000000000e+00
4.660852635685772111e+04 -1.000000000000000000e+00 -1.000000000000000000e+00
4.683011299226817209e+04 -1.000000000000000000e+00 -1.000000000000000000e+00
4.705275309666455723e+04 -1.000000000000000000e+00 -1.000000000000000000e+00
4.727645167845751712e+04 -1.000000000000000000e+00 -1.000000000000000000e+00
4.750121376986904215e+04 -1.000000000000000000e+00 -1.000000000000000000e+00
4.772704442704517714e+04 -1.000000000000000000e+00 -1.000000000000000000e+00
4.795394873016991914e+04 -1.000000000000000000e+00 -1.000000000000000000e+00
4.818193178357973375e+04 -1.000000000000000000e+00 -1.000000000000000000e+00
4.841099871587781672e+04 -1.000000000000000000e+00 -1.000000000000000000e+00
4.864115468005013099e+04 -1.000000000000000000e+00 -1.000000000000000000e+00
4.887240485358084698e+04 -1.000000000000000000e+00 -1.000000000000000000e+00
4.910475443856893980e+04 -1.000000000000000000e+00 -1.000000000000000000e+00
4.933820866184546321e+04 -1.000000000000000000e+00 -1.000000000000000000e+00
4.957277277509056148e+04 -1.000000000000000000e+00 -1.000000000000000000e+00
4.980845205495231494e+04 -1.000000000000000000e+00 -1.000000000000000000e+00
5.004525180316487240e+04 -1.000000000000000000e+00 -1.000000000000000000e+00
5.028317734666792967e+04 -1.000000000000000000e+00 -1.000000000000000000e+00
5.052223403772679012e+04 -1.000000000000000000e+00 -1.000000000000000000e+00
5.076242725405216333e+04 -1.000000000000000000e+00 -1.000000000000000000e+00
5.100376239892186277e+04 -1.000000000000000000e+00 -1.000000000000000000e+00
5.124624490130184131e+04 -1.000000000000000000e+00 -1.000000000000000000e+00
5.148988021596843464e+04 -1.000000000000000000e+00 -1.000000000000000000e+00
5.173467382363137585e+04 -1.000000000000000000e+00 -1.000000000000000000e+00
5.198063123105644627e+04 -1.000000000000000000e+00 -1.000000000000000000e+00
5.222775797119011258e+04 -1.000000000000000000e+00 -1.000000000000000000e+00
5.247605960328337824e+04 -1.000000000000000000e+00 -1.000000000000000000e+00
5.272554171301712631e+04 -1.000000000000000000e+00 -1.000000000000000000e+00
5.297620991262792813e+04 -1.000000000000000000e+00 -1.000000000000000000e+00
5.322806984103371360e+04 -1.000000000000000000e+00 -1.000000000000000000e+00
5.348112716396137694e+04 -1.000000000000000000e+00 -1.000000000000000000e+00
5.373538757407364756e+04 -1.000000000000000000e+00 -1.000000000000000000e+00
5.399085679109736520e+04 -1.000000000000000000e+00 -1.000000000000000000e+00
5.424754056195235171e+04 -1.000000000000000000e+00 -1.000000000000000000e+00
5.450544466088008630e+04 -1.000000000000000000e+00 -1.000000000000000000e+00
5.476457488957440364e+04 -1.000000000000000000e+00 -1.000000000000000000e+00
5.502493707731136237e+04 -1.000000000000000000e+00 -1.000000000000000000e+00
5.528653708108061255e+04 -1.000000000000000000e+00 -1.000000000000000000e+00
5.554938078571738151e+04 -1.000000000000000000e+00 -1.000000000000000000e+00
5.581347410403424146e+04 -1.000000000000000000e+00 -1.000000000000000000e+00
5.607882297695488523e+04 -1.000000000000000000e+00 -1.000000000000000000e+00
5.634543337364715990e+04 -1.000000000000000000e+00 -1.000000000000000000e+00
5.661331129165762104e+04 -1.000000000000000000e+00 -1.000000000000000000e+00
5.688246275704658910e+04 -1.000000000000000000e+00 -1.000000000000000000e+00
5.715289382452314749e+04 -1.000000000000000000e+00 -1.000000000000000000e+00
5.742461057758212701e+04 -1.000000000000000000e+00 -1.000000000000000000e+00
5.769761912864035548e+04 -1.000000000000000000e+00 -1.000000000000000000e+00
5.797192561917431885e+04 -1.000000000000000000e+00 -1.000000000000000000e+00
5.824753621985854988e+04 -1.000000000000000000e+00 -1.000000000000000000e+00
5.852445713070410420e+04 -1.000000000000000000e+00 -1.000000000000000000e+00
5.880269458119819319e+04 -1.000000000000000000e+00 -1.000000000000000000e+00
5.908225483044434804e+04 -1.000000000000000000e+00 -1.000000000000000000e+00
5.936314416730308585e+04 -1.000000000000000000e+00 -1.000000000000000000e+00
5.964536891053371073e+04 -1.000000000000000000e+00 -1.000000000000000000e+00
5.992893540893595491e+04 -1.000000000000000000e+00 -1.000000000000000000e+00
6.021385004149321321e+04 -1.000000000000000000e+00 -1.000000000000000000e+00
6.050011921751585032e+04 -1.000000000000000000e+00 -1.000000000000000000e+00
6.078774937678536662e+04 -1.000000000000000000e+00 -1.000000000000000000e+00
6.107674698969953897e+04 -1.000000000000000000e+00 -1.000000000000000000e+00
6.136711855741751788e+04 -1.000000000000000000e+00 -1.000000000000000000e+00
6.165887061200645257e+04 -1.000000000000000000e+00 -1.000000000000000000e+00
6.195200971658823255e+04 -1.000000000000000000e+00 -1.000000000000000000e+00
6.224654246548718947e+04 -1.000000000000000000e+00 -1.000000000000000000e+00
6.254247548437858495e+04 -1.000000000000000000e+00 -1.000000000000000000e+00
6.283981543043736019e+04 -1.000000000000000000e+00 -1.000000000000000000e+00
6.313856899248811533e+04 -1.000000000000000000e+00 -1.000000000000000000e+00
6.343874289115549618e+04 -1.000000000000000000e+00 -1.000000000000000000e+00
6.374034387901534501e+04 -1.000000000000000000e+00 -1.000000000000000000e+00
6.404337874074683350e+04 -1.000000000000000000e+00 -1.000000000000000000e+00
6.434785429328476312e+04 -1.000000000000000000e+00 -1.000000000000000000e+00
6.465377738597299322e+04 -1.000000000000000000e+00 -1.000000000000000000e+00
6.496115490071890963e+04 -1.000000000000000000e+00 -1.000000000000000000e+00
6.526999375214742759e+04 -1.000000000000000000e+00 -1.000000000000000000e+00
6.558030088775749027e+04 -1.000000000000000000e+00 -1.000000000000000000e+00
6.589208328807765793e+04 -1.000000000000000000e+00 -1.000000000000000000e+00
6.620534796682333399e+04 -1.000000000000000000e+00 -1.000000000000000000e+00
6.652010197105488623e+04 -1.000000000000000000e+00 -1.000000000000000000e+00
6.683635238133539679e+04 -1.000000000000000000e+00 -1.000000000000000000e+00
6.715410631189089327e+04 -1.000000000000000000e+00 -1.000000000000000000e+00
6.747337091076961951e+04 -1.000000000000000000e+00 -1.000000000000000000e+00
6.779415336000316893e+04 -1.000000000000000000e+00 -1.000000000000000000e+00
6.811646087576824357e+04 -1.000000000000000000e+00 -1.000000000000000000e+00
6.844030070854829683e+04 -1.000000000000000000e+00 -1.000000000000000000e+00
6.876568014329754806e+04 -1.000000000000000000e+00 -1.000000000000000000e+00
6.909260649960415321e+04 -1.000000000000000000e+00 -1.000000000000000000e+00
6.942108713185510715e+04 -1.000000000000000000e+00 -1.000000000000000000e+00
6.975112942940196081e+04 -1.000000000000000000e+00 -1.000000000000000000e+00
7.008274081672629109e+04 -1.000000000000000000e+00 -1.000000000000000000e+00
7.041592875360770267e+04 -1.000000000000000000e+00 -1.000000000000000000e+00
7.075070073529088404e+04 -1.000000000000000000e+00 -1.000000000000000000e+00
7.108706429265442421e+04 -1.000000000000000000e+00 -1.000000000000000000e+00
7.142502699238060450e+04 -1.000000000000000000e+00 -1.000000000000000000e+00
7.176459643712476827e+04 -1.000000000000000000e+00 -1.000000000000000000e+00
7.210578026568741188e+04 -1.000000000000000000e+00 -1.000000000000000000e+00
7.244858615318509692e+04 -1.000000000000000000e+00 -1.000000000000000000e+00
7.279302181122358888e+04 -1.000000000000000000e+00 -1.000000000000000000e+00
7.313909498807147611e+04 -1.000000000000000000e+00 -1.000000000000000000e+00
7.348681346883368678e+04 -1.000000000000000000e+00 -1.000000000000000000e+00
7.383618507562774175e+04 -1.000000000000000000e+00 -1.000000000000000000e+00
7.418721766775877040e+04 -1.000000000000000000e+00 -1.000000000000000000e+00
7.453991914189672389e+04 -1.000000000000000000e+00 -1.000000000000000000e+00
7.489429743225425773e+04 -1.000000000000000000e+00 -1.000000000000000000e+00
7.525036051076438162e+04 -1.000000000000000000e+00 -1.000000000000000000e+00
7.560811638726088859e+04 -1.000000000000000000e+00 -1.000000000000000000e+00
7.596757310965763463e+04 -1.000000000000000000e+00 -1.000000000000000000e+00
7.632873876412998652e+04 -1.000000000000000000e+00 -1.000000000000000000e+00
7.669162147529696813e+04 -1.000000000000000000e+00 -1.000000000000000000e+00
7.705622940640318848e+04 -1.000000000000000000e+00 -1.000000000000000000e+00
7.742257075950353465e+04 -1.000000000000000000e+00 -1.000000000000000000e+00
7.779065377564690425e+04 -1.000000000000000000e+00 -1.000000000000000000e+00
7.816048673506182968e+04 -1.000000000000000000e+00 -1.000000000000000000e+00
7.853207795734309184e+04 -1.000000000000000000e+00 -1.000000000000000000e+00
7.890543580163801380e+04 -1.000000000000000000e+00 -1.000000000000000000e+00
7.928056866683556291e+04 -1.000000000000000000e+00 -1.000000000000000000e+00
7.965748499175452162e+04 -1.000000000000000000e+00 -1.000000000000000000e+00
8.003619325533353549e+04 -1.000000000000000000e+00 -1.000000000000000000e+00
8.041670197682217986e+04 -1.000000000000000000e+00 -1.000000000000000000e+00
8.079901971597179363e+04 -1.000000000000000000e+00 -1.000000000000000000e+00
8.118315507322912163e+04 -1.000000000000000000e+00 -1.000000000000000000e+00
8.156911668992886553e+04 -1.000000000000000000e+00 -1.000000000000000000e+00
8.195691324848847580e+04 -1.000000000000000000e+00 -1.000000000000000000e+00
8.234655347260370036e+04 -1.000000000000000000e+00 -1.000000000000000000e+00
8.273804612744403130e+04 -1.000000000000000000e+00 -1.000000000000000000e+00
8.313140001985091658e+04 -1.000000000000000000e+00 -1.000000000000000000e+00
8.352662399853508396e+04 -1.000000000000000000e+00 -1.000000000000000000e+00
8.392372695427584404e+04 -1.000000000000000000e+00 -1.000000000000000000e+00
8.432271782012147014e+04 -1.000000000000000000e+00 -1.000000000000000000e+00
8.472360557158921438e+04 -1.000000000000000000e+00 -1.000000000000000000e+00
8.512639922686840873e+04 -1.000000000000000000e+00 -1.000000000000000000e+00
8.553110784702235833e+04 -1.000000000000000000e+00 -1.000000000000000000e+00
8.593774053619257757e+04 -1.000000000000000000e+00 -1.000000000000000000e+00
8.634630644180384115e+04 -1.000000000000000000e+00 -1.000000000000000000e+00
8.675681475476936612e+04 -1.000000000000000000e+00 -1.000000000000000000e+00
8.716927470969804563e+04 -1.000000000000000000e+00 -1.000000000000000000e+00
8.758369558510197385e+04 -1.000000000000000000e+00 -1.000000000000000000e+00
8.800008670360512042e+04 -1.000000000000000000e+00 -1.000000000000000000e+00
8.841845743215350376e+04 -1.000000000000000000e+00 -1.000000000000000000e+00
8.883881718222516065e+04 -1.000000000000000000e+00 -1.000000000000000000e+00
8.926117541004245868e+04 -1.000000000000000000e+00 -1.000000000000000000e+00
8.968554161678452510e+04 -1.000000000000000000e+00 -1.000000000000000000e+00
9.011192534880105813e+04 -1.000000000000000000e+00 -1.000000000000000000e+00
9.054033619782728783e+04 -1.000000000000000000e+00 -1.000000000000000000e+00
9.097078380119934445e+04 -1.000000000000000000e+00 -1.000000000000000000e+00
9.140327784207128570e+04 -1.000000000000000000e+00 -1.000000000000000000e+00
9.183782804963295348e+04 -1.000000000000000000e+00 -1.000000000000000000e+00
9.227444419932864548e+04 -1.000000000000000000e+00 -1.000000000000000000e+00
9.271313611307748943e+04 -1.000000000000000000e+00 -1.000000000000000000e+00
9.315391365949374449e+04 -1.000000000000000000e+00 -1.000000000000000000e+00
9.359678675410909636e+04 -1.000000000000000000e+00 -1.000000000000000000e+00
9.404176535959616012e+04 -1.000000000000000000e+00 -1.000000000000000000e+00
9.448885948599147378e+04 -1.000000000000000000e+00 -1.000000000000000000e+00
9.493807919092204247e+04 -1.000000000000000000e+00 -1.000000000000000000e+00
9.538943457983055850e+04 -1.000000000000000000e+00 -1.000000000000000000e+00
9.584293580620306602e+04 -1.000000000000000000e+00 -1.000000000000000000e+00
9.629859307179778989e+04 -1.000000000000000000e+00 -1.000000000000000000e+00
9.675641662687358621e+04 -1.000000000000000000e+00 -1.000000000000000000e+00
9.721641677042179799e+04 -1.000000000000000000e+00 -1.000000000000000000e+00
9.767860385039699031e+04 -1.000000000000000000e+00 -1.000000000000000000e+00
9.814298826395001379e+04 -1.000000000000000000e+00 -1.000000000000000000e+00
9.860958045766236319e+04 -1.000000000000000000e+00 -1.000000000000000000e+00
9.907839092778002669e+04 -1.000000000000000000e+00 -1.000000000000000000e+00
9.954943022045104590e+04 -1.000000000000000000e+00 -1.000000000000000000e+00
1.000227089319616643e+05 -1.000000000000000000e+00 -1.000000000000000000e+00
1.004982377089751535e+05 -1.000000000000000000e+00 -1.000000000000000000e+00
1.009760272487711190e+05 -1.000000000000000000e+00 -1.000000000000000000e+00
1.014560882994866261e+05 -1.000000000000000000e+00 -1.000000000000000000e+00
1.019384316603572515e+05 -1.000000000000000000e+00 -1.000000000000000000e+00
1.024230681819605234e+05 -1.000000000000000000e+00 -1.000000000000000000e+00
1.029100087664598686e+05 -1.000000000000000000e+00 -1.000000000000000000e+00
1.033992643678497261e+05 -1.000000000000000000e+00 -1.000000000000000000e+00
1.038908459922025067e+05 -1.000000000000000000e+00 -1.000000000000000000e+00
1.043847646979153506e+05 -1.000000000000000000e+00 -1.000000000000000000e+00
1.048810315959595318e+05 -1.000000000000000000e+00 -1.000000000000000000e+00
1.053796578501301119e+05 -1.000000000000000000e+00 -1.000000000000000000e+00
1.058806546772971051e+05 -1.000000000000000000e+00 -1.000000000000000000e+00
1.063840333476581727e+05 -1.000000000000000000e+00 -1.000000000000000000e+00
1.068898051849914918e+05 -1.000000000000000000e+00 -1.000000000000000000e+00
1.073979815669109521e+05 -1.000000000000000000e+00 -1.000000000000000000e+00
1.079085739251220366e+05 -1.000000000000000000e+00 -1.000000000000000000e+00
1.084215937456787506e+05 -1.000000000000000000e+00 -1.000000000000000000e+00
1.089370525692425726e+05 -1.000000000000000000e+00 -1.000000000000000000e+00
1.094549619913413335e+05 -1.000000000000000000e+00 -1.000000000000000000e+00
1.099753336626305536e+05 -1.000000000000000000e+00 -1.000000000000000000e+00
1.104981792891553487e+05 -1.000000000000000000e+00 -1.000000000000000000e+00
1.110235106326137757e+05 -1.000000000000000000e+00 -1.000000000000000000e+00
1.115513395106216922e+05 -1.000000000000000000e+00 -1.000000000000000000e+00
1.120816777969780960e+05 -1.000000000000000000e+00 -1.000000000000000000e+00
1.126145374219325895e+05 -1.000000000000000000e+00 -1.000000000000000000e+00
1.131499303724536439e+05 -1.000000000000000000e+00 -1.000000000000000000e+00
1.136878686924981594e+05 -1.000000000000000000e+00 -1.000000000000000000e+00
1.142283644832829013e+05 -1.000000000000000000e+00 -1.000000000000000000e+00
1.147714299035559816e+05 -1.000000000000000000e+00 -1.000000000000000000e+00
1.153170771698707831e+05 -1.000000000000000000e+00 -1.000000000000000000e+00
1.158653185568607878e+05 -1.000000000000000000e+00 -1.000000000000000000e+00
1.164161663975155534e+05 -1.000000000000000000e+00 -1.000000000000000000e+00
1.169696330834584951e+05 -1.000000000000000000e+00 -1.000000000000000000e+00
1.175257310652251181e+05 -1.000000000000000000e+00 -1.000000000000000000e+00
1.180844728525434039e+05 -1.000000000000000000e+00 -1.000000000000000000e+00
1.186458710146151570e+05 -1.000000000000000000e+00 -1.000000000000000000e+00
1.192099381803990400e+05 -1.000000000000000000e+00 -1.000000000000000000e+00
1.197766870388941607e+05 -1.000000000000000000e+00 -1.000000000000000000e+00
1.203461303394257993e+05 -1.000000000000000000e+00 -1.000000000000000000e+00
1.209182808919322415e+05 -1.000000000000000000e+00 -1.000000000000000000e+00
1.214931515672527312e+05 -1.000000000000000000e+00 -1.000000000000000000e+00
1.220707552974175196e+05 -1.000000000000000000e+00 -1.000000000000000000e+00
1.226511050759381033e+05 -1.000000000000000000e+00 -1.000000000000000000e+00
1.232342139580999356e+05 -1.000000000000000000e+00 -1.000000000000000000e+00
1.238200950612559827e+05 -1.000000000000000000e+00 -1.000000000000000000e+00
1.244087615651217347e+05 -1.000000000000000000e+00 -1.000000000000000000e+00
1.250002267120721808e+05 -1.000000000000000000e+00 -1.000000000000000000e+00
1.255945038074389158e+05 -1.000000000000000000e+00 -1.000000000000000000e+00
1.261916062198100262e+05 -1.000000000000000000e+00 -1.000000000000000000e+00
1.267915473813305725e+05 -1.000000000000000000e+00 -1.000000000000000000e+00
1.273943407880047744e+05 -1.000000000000000000e+00 -1.000000000000000000e+00
1.279999999999999854e+05 -1.000000000000000000e+00 -1.000000000000000000e+00
