1.000000000000000114e+03 -1.000000000000000000e+00 -1.000000000000000000e+00
1.004754208140241872e+03 -1.000000000000000000e+00 -1.000000000000000000e+00
1.009531018775526604e+03 -1.000000000000000000e+00 -1.000000000000000000e+00
1.014330539362816126e+03 -1.000000000000000000e+00 -1.000000000000000000e+00
1.019152877869952704e+03 -1.000000000000000000e+00 -1.000000000000000000e+00
1.023998142778073088e+03 -1.000000000000000000e+00 -1.000000000000000000e+00
1.028866443084061075e+03 -1.000000000000000000e+00 -1.000000000000000000e+00
1.033757888302995525e+03 -1.000000000000000000e+00 -1.000000000000000000e+00
1.038672588470604751e+03 -1.000000000000000000e+00 -1.000000000000000000e+00
1.043610654145760009e+03 -1.000000000000000000e+00 -1.000000000000000000e+00
1.048572196412942958e+03 -1.000000000000000000e+00 -1.000000000000000000e+00
1.053557326884760869e+03 -1.000000000000000000e+00 -1.000000000000000000e+00
1.058566157704450006e+03 -1.000000000000000000e+00 -1.000000000000000000e+00
1.063598801548392885e+03 -1.000000000000000000e+00 -1.000000000000000000e+00
1.068655371628668036e+03 -1.000000000000000000e+00 -1.000000000000000000e+00
1.073735981695578403e+03 -1.000000000000000000e+00 -1.000000000000000000e+00
1.078840746040226122e+03 -1.000000000000000000e+00 -1.000000000000000000e+00
1.083969779497077525e+03 -1.000000000000000000e+00 -1.000000000000000000e+00
1.089123197446538825e+03 -1.000000000000000000e+00 -1.000000000000000000e+00
1.094301115817567734e+03 -1.000000000000000000e+00 -1.000000000000000000e+00
1.099503651090263475e+03 -1.000000000000000000e+00 -1.000000000000000000e+00
1.104730920298502497e+03 -1.000000000000000000e+00 -1.000000000000000000e+00
1.109983041032564870e+03 -1.000000000000000000e+00 -1.000000000000000000e+00
1.115260131441772273e+03 -1.000000000000000000e+00 -1.000000000000000000e+00
1.120562310237162365e+03 -1.000000000000000000e+00 -1.000000000000000000e+00
1.125889696694140184e+03 -1.000000000000000000e+00 -1.000000000000000000e+00
1.131242410655177991e+03 -1.000000000000000000e+00 -1.000000000000000000e+00
1.136620572532504184e+03 -1.000000000000000000e+00 -1.000000000000000000e+00
1.142024303310804498e+03 -1.000000000000000000e+00 -1.000000000000000000e+00
1.147453724549961180e+03 -1.000000000000000000e+00 -1.000000000000000000e+00
1.152908958387767598e+03 -1.000000000000000000e+00 -1.000000000000000000e+00
1.158390127542692653e+03 -1.000000000000000000e+00 -1.000000000000000000e+00
1.163897355316634275e+03 -1.000000000000000000e+00 -1.000000000000000000e+00
1.169430765597686559e+03 -1.000000000000000000e+00 -1.000000000000000000e+00
1.174990482862943054e+03 -1.000000000000000000e+00 -1.000000000000000000e+00
1.180576632181276636e+03 -1.000000000000000000e+00 -1.000000000000000000e+00
1.186189339216172357e+03 -1.000000000000000000e+00 -1.000000000000000000e+00
1.191828730228544600e+03 -1.000000000000000000e+00 -1.000000000000000000e+00
1.197494932079571299e+03 -1.000000000000000000e+00 -1.000000000000000000e+00
1.203188072233562480e+03 -1.000000000000000000e+00 -1.000000000000000000e+00
1.208908278760819712e+03 -1.000000000000000000e+00 -1.000000000000000000e+00
1.214655680340510116e+03 -1.000000000000000000e+00 -1.000000000000000000e+00
1.220430406263578789e+03 -1.000000000000000000e+00 -1.000000000000000000e+00
1.226232586435635767e+03 -1.000000000000000000e+00 -1.000000000000000000e+00
1.232062351379898018e+03 -1.000000000000000000e+00 -1.000000000000000000e+00
1.237919832240116421e+03 -1.000000000000000000e+00 -1.000000000000000000e+00
1.243805160783519341e+03 -1.000000000000000000e+00 -1.000000000000000000e+00
1.249718469403793961e+03 -1.000000000000000000e+00 -1.000000000000000000e+00
1.255659891124043952e+03 -1.000000000000000000e+00 -1.000000000000000000e+00
1.261629559599801269e+03 -1.000000000000000000e+00 -1.000000000000000000e+00
1.267627609122023159e+03 -1.000000000000000000e+00 -1.000000000000000000e+00
1.273654174620106460e+03 -1.000000000000000000e+00 -1.000000000000000000e+00
1.279709391664940995e+03 -1.000000000000000000e+00 -1.000000000000000000e+00
1.285793396471938649e+03 -1.000000000000000000e+00 -1.000000000000000000e+00
1.291906325904114738e+03 -1.000000000000000000e+00 -1.000000000000000000e+00
1.298048317475160957e+03 -1.000000000000000000e+00 -1.000000000000000000e+00
1.304219509352528576e+03 -1.000000000000000000e+00 -1.000000000000000000e+00
1.310420040360557323e+03 -1.000000000000000000e+00 -1.000000000000000000e+00
1.316650049983575627e+03 -1.000000000000000000e+00 -1.000000000000000000e+00
1.322909678369057474e+03 -1.000000000000000000e+00 -1.000000000000000000e+00
1.329199066330767209e+03 -1.000000000000000000e+00 -1.000000000000000000e+00
1.335518355351918899e+03 -1.000000000000000000e+00 -1.000000000000000000e+00
1.341867687588378203e+03 -1.000000000000000000e+00 -1.000000000000000000e+00
1.348247205871838560e+03 -1.000000000000000000e+00 -1.000000000000000000e+00
1.354657053713052846e+03 -1.000000000000000000e+00 -1.000000000000000000e+00
1.361097375305054356e+03 -1.000000000000000000e+00 -1.000000000000000000e+00
1.367568315526391643e+03 -1.000000000000000000e+00 -1.000000000000000000e+00
1.374070019944406795e+03 -1.000000000000000000e+00 -1.000000000000000000e+00
1.380602634818489150e+03 -1.000000000000000000e+00 -1.000000000000000000e+00
1.387166307103382678e+03 -1.000000000000000000e+00 -1.000000000000000000e+00
1.393761184452485622e+03 -1.000000000000000000e+00 -1.000000000000000000e+00
1.400387415221162883e+03 -1.000000000000000000e+00 -1.000000000000000000e+00
1.407045148470102504e+03 -1.000000000000000000e+00 -1.000000000000000000e+00
1.413734533968647156e+03 -1.000000000000000000e+00 -1.000000000000000000e+00
1.420455722198182002e+03 -1.000000000000000000e+00 -1.000000000000000000e+00
1.427208864355512787e+03 -1.000000000000000000e+00 -1.000000000000000000e+00
1.433994112356257119e+03 -1.000000000000000000e+00 -1.000000000000000000e+00
1.440811618838283266e+03 -1.000000000000000000e+00 -1.000000000000000000e+00
1.447661537165119171e+03 -1.000000000000000000e+00 -1.000000000000000000e+00
1.454544021429424674e+03 -1.000000000000000000e+00 -1.000000000000000000e+00
1.461459226456447823e+03 -1.000000000000000000e+00 -1.000000000000000000e+00
1.468407307807498682e+03 -1.000000000000000000e+00 -1.000000000000000000e+00
1.475388421783470903e+03 -1.000000000000000000e+00 -1.000000000000000000e+00
1.482402725428332587e+03 -1.000000000000000000e+00 -1.000000000000000000e+00
1.489450376532680593e+03 -1.000000000000000000e+00 -1.000000000000000000e+00
1.496531533637281882e+03 -1.000000000000000000e+00 -1.000000000000000000e+00
1.503646356036628958e+03 -1.000000000000000000e+00 -1.000000000000000000e+00
1.510795003782546473e+03 -1.000000000000000000e+00 -1.000000000000000000e+00
1.517977637687766219e+03 -1.000000000000000000e+00 -1.000000000000000000e+00
1.525194419329566699e+03 -1.000000000000000000e+00 -1.000000000000000000e+00
1.532445511053397922e+03 -1.000000000000000000e+00 -1.000000000000000000e+00
1.539731075976525290e+03 -1.000000000000000000e+00 -1.000000000000000000e+00
1.547051277991719417e+03 -1.000000000000000000e+00 -1.000000000000000000e+00
1.554406281770919350e+03 -1.000000000000000000e+00 -1.000000000000000000e+00
1.561796252768958084e+03 -1.000000000000000000e+00 -1.000000000000000000e+00
1.569221357227274666e+03 -1.000000000000000000e+00 -1.000000000000000000e+00
1.576681762177646078e+03 -1.000000000000000000e+00 -1.000000000000000000e+00
1.584177635445965279e+03 -1.000000000000000000e+00 -1.000000000000000000e+00
1.591709145655991506e+03 -1.000000000000000000e+00 -1.000000000000000000e+00
1.599276462233166967e+03 -1.000000000000000000e+00 -1.000000000000000000e+00
1.606879755408416486e+03 -1.000000000000000000e+00 -1.000000000000000000e+00
1.614519196221969196e+03 -1.000000000000000000e+00 -1.000000000000000000e+00
1.622194956527227760e+03 -1.000000000000000000e+00 -1.000000000000000000e+00
1.629907208994608709e+03 -1.000000000000000000e+00 -1.000000000000000000e+00
1.637656127115449863e+03 -1.000000000000000000e+00 -1.000000000000000000e+00
1.645441885205902963e+03 -1.000000000000000000e+00 -1.000000000000000000e+00
1.653264658410843595e+03 -1.000000000000000000e+00 -1.000000000000000000e+00
1.661124622707838398e+03 -1.000000000000000000e+00 -1.000000000000000000e+00
1.669021954911072044e+03 -1.000000000000000000e+00 -1.000000000000000000e+00
1.676956832675352871e+03 -1.000000000000000000e+00 -1.000000000000000000e+00
1.684929434500095567e+03 -1.000000000000000000e+00 -1.000000000000000000e+00
1.692939939733329311e+03 -1.000000000000000000e+00 -1.000000000000000000e+00
1.700988528575750252e+03 -1.000000000000000000e+00 -1.000000000000000000e+00
1.709075382084766716e+03 -1.000000000000000000e+00 -1.000000000000000000e+00
1.717200682178561237e+03 -1.000000000000000000e+00 -1.000000000000000000e+00
1.725364611640206931e+03 -1.000000000000000000e+00 -1.000000000000000000e+00
1.733567354121752260e+03 -1.000000000000000000e+00 -1.000000000000000000e+00
1.741809094148379017e+03 -1.000000000000000000e+00 -1.000000000000000000e+00
1.750090017122526888e+03 -1.000000000000000000e+00 -1.000000000000000000e+00
1.758410309328086669e+03 -1.000000000000000000e+00 -1.000000000000000000e+00
1.766770157934583267e+03 -1.000000000000000000e+00 -1.000000000000000000e+00
1.775169751001372333e+03 -1.000000000000000000e+00 -1.000000000000000000e+00
1.783609277481894424e+03 -1.000000000000000000e+00 -1.000000000000000000e+00
1.792088927227913473e+03 -1.000000000000000000e+00 -1.000000000000000000e+00
1.800608890993777777e+03 -1.000000000000000000e+00 -1.000000000000000000e+00
1.809169360440736227e+03 -1.000000000000000000e+00 -1.000000000000000000e+00
1.817770528141219984e+03 -1.000000000000000000e+00 -1.000000000000000000e+00
1.826412587583204640e+03 -1.000000000000000000e+00 -1.000000000000000000e+00
1.835095733174532825e+03 -1.000000000000000000e+00 -1.000000000000000000e+00
1.843820160247314561e+03 -1.000000000000000000e+00 -1.000000000000000000e+00
1.852586065062308080e+03 -1.000000000000000000e+00 -1.000000000000000000e+00
1.861393644813326091e+03 -1.000000000000000000e+00 -1.000000000000000000e+00
1.870243097631692308e+03 -1.000000000000000000e+00 -1.000000000000000000e+00
1.879134622590687968e+03 -1.000000000000000000e+00 -1.000000000000000000e+00
1.888068419710018816e+03 -1.000000000000000000e+00 -1.000000000000000000e+00
1.897044689960342112e+03 -1.000000000000000000e+00 -1.000000000000000000e+00
1.906063635267754307e+03 -1.000000000000000000e+00 -1.000000000000000000e+00
1.915125458518363303e+03 -1.000000000000000000e+00 -1.000000000000000000e+00
1.924230363562840012e+03 -1.000000000000000000e+00 -1.000000000000000000e+00
1.933378555220990847e+03 -1.000000000000000000e+00 -1.000000000000000000e+00
1.942570239286395918e+03 -1.000000000000000000e+00 -1.000000000000000000e+00
1.951805622531002655e+03 -1.000000000000000000e+00 -1.000000000000000000e+00
1.961084912709809714e+03 -1.000000000000000000e+00 -1.000000000000000000e+00
1.970408318565524269e+03 -1.000000000000000000e+00 -1.000000000000000000e+00
1.979776049833248862e+03 -1.000000000000000000e+00 -1.000000000000000000e+00
1.989188317245226017e+03 -1.000000000000000000e+00 -1.000000000000000000e+00
1.998645332535547595e+03 -1.000000000000000000e+00 -1.000000000000000000e+00
2.008147308444944656e+03 -1.000000000000000000e+00 -1.000000000000000000e+00
2.017694458725562754e+03 -1.000000000000000000e+00 -1.000000000000000000e+00
2.027286998145756570e+03 -1.000000000000000000e+00 -1.000000000000000000e+00
2.036925142494952297e+03 -1.000000000000000000e+00 -1.000000000000000000e+00
2.046609108588465006e+03 -1.000000000000000000e+00 -1.000000000000000000e+00
2.056339114272409461e+03 -1.000000000000000000e+00 -1.000000000000000000e+00
2.066115378428585700e+03 -1.000000000000000000e+00 -1.000000000000000000e+00
2.075938120979389623e+03 -1.000000000000000000e+00 -1.000000000000000000e+00
2.085807562892792703e+03 -1.000000000000000000e+00 -1.000000000000000000e+00
2.095723926187275993e+03 -1.000000000000000000e+00 -1.000000000000000000e+00
2.105687433936855086e+03 -1.000000000000000000e+00 -1.000000000000000000e+00
2.115698310276087341e+03 -1.000000000000000000e+00 -1.000000000000000000e+00
2.125756780405097743e+03 -1.000000000000000000e+00 -1.000000000000000000e+00
2.135863070594678902e+03 -1.000000000000000000e+00 -1.000000000000000000e+00
2.146017408191341929e+03 -1.000000000000000000e+00 -1.000000000000000000e+00
2.156220021622466447e+03 -1.000000000000000000e+00 -1.000000000000000000e+00
2.166471140401420598e+03 -1.000000000000000000e+00 -1.000000000000000000e+00
2.176770995132716507e+03 -1.000000000000000000e+00 -1.000000000000000000e+00
2.187119817517223510e+03 -1.000000000000000000e+00 -1.000000000000000000e+00
2.197517840357348177e+03 -1.000000000000000000e+00 -1.000000000000000000e+00
2.207965297562302112e+03 -1.000000000000000000e+00 -1.000000000000000000e+00
2.218462424153348820e+03 -1.000000000000000000e+00 -1.000000000000000000e+00
2.229009456269079692e+03 -1.000000000000000000e+00 -1.000000000000000000e+00
2.239606631170755008e+03 -1.000000000000000000e+00 -1.000000000000000000e+00
2.250254187247606751e+03 -1.000000000000000000e+00 -1.000000000000000000e+00
2.260952364022232814e+03 -1.000000000000000000e+00 -1.000000000000000000e+00
2.271701402155971209e+03 -1.000000000000000000e+00 -1.000000000000000000e+00
2.282501543454300190e+03 -1.000000000000000000e+00 -1.000000000000000000e+00
2.293353030872310228e+03 -1.000000000000000000e+00 -1.000000000000000000e+00
2.304256108520131420e+03 -1.000000000000000000e+00 -1.000000000000000000e+00
2.315211021668460489e+03 -1.000000000000000000e+00 -1.000000000000000000e+00
2.326218016754059136e+03 -1.000000000000000000e+00 -1.000000000000000000e+00
2.337277341385288310e+03 -1.000000000000000000e+00 -1.000000000000000000e+00
2.348389244347710246e+03 -1.000000000000000000e+00 -1.000000000000000000e+00
2.359553975609644567e+03 -1.000000000000000000e+00 -1.000000000000000000e+00
2.370771786327828522e+03 -1.000000000000000000e+00 -1.000000000000000000e+00
2.382042928853049034e+03 -1.000000000000000000e+00 -1.000000000000000000e+00
2.393367656735807941e+03 -1.000000000000000000e+00 -1.000000000000000000e+00
2.404746224732052724e+03 -1.000000000000000000e+00 -1.000000000000000000e+00
2.416178888808894953e+03 -1.000000000000000000e+00 -1.000000000000000000e+00
2.427665906150351020e+03 -1.000000000000000000e+00 -1.000000000000000000e+00
2.439207535163163811e+03 -1.000000000000000000e+00 -1.000000000000000000e+00
2.450804035482576182e+03 -1.000000000000000000e+00 -1.000000000000000000e+00
2.462455667978209931e+03 -1.000000000000000000e+00 -1.000000000000000000e+00
2.474162694759897022e+03 -1.000000000000000000e+00 -1.000000000000000000e+00
2.485925379183607220e+03 -1.000000000000000000e+00 -1.000000000000000000e+00
2.497743985857361167e+03 -1.000000000000000000e+00 -1.000000000000000000e+00
2.509618780647164840e+03 -1.000000000000000000e+00 -1.000000000000000000e+00
2.521550030683021305e+03 -1.000000000000000000e+00 -1.000000000000000000e+00
2.533538004364927019e+03 -1.000000000000000000e+00 -1.000000000000000000e+00
2.545582971368891322e+03 -1.000000000000000000e+00 -1.000000000000000000e+00
2.557685202653039596e+03 -1.000000000000000000e+00 -1.000000000000000000e+00
2.569844970463668687e+03 -1.000000000000000000e+00 -1.000000000000000000e+00
2.582062548341412366e+03 -1.000000000000000000e+00 -1.000000000000000000e+00
2.594338211127350860e+03 -1.000000000000000000e+00 -1.000000000000000000e+00
2.606672234969233159e+03 -1.000000000000000000e+00 -1.000000000000000000e+00
2.619064897327671588e+03 -1.000000000000000000e+00 -1.000000000000000000e+00
2.631516476982368658e+03 -1.000000000000000000e+00 -1.000000000000000000e+00
2.644027254038419414e+03 -1.000000000000000000e+00 -1.000000000000000000e+00
2.656597509932595585e+03 -1.000000000000000000e+00 -1.000000000000000000e+00
2.669227527439663845e+03 -1.000000000000000000e+00 -1.000000000000000000e+00
2.681917590678780471e+03 -1.000000000000000000e+00 -1.000000000000000000e+00
2.694667985119843706e+03 -1.000000000000000000e+00 -1.000000000000000000e+00
2.707478997589949813e+03 -1.000000000000000000e+00 -1.000000000000000000e+00
2.720350916279831381e+03 -1.000000000000000000e+00 -1.000000000000000000e+00
2.733284030750323382e+03 -1.000000000000000000e+00 -1.000000000000000000e+00
2.746278631938915623e+03 -1.000000000000000000e+00 -1.000000000000000000e+00
2.759335012166252454e+03 -1.000000000000000000e+00 -1.000000000000000000e+00
2.772453465142747973e+03 -1.000000000000000000e+00 -1.000000000000000000e+00
2.785634285975176681e+03 -1.000000000000000000e+00 -1.000000000000000000e+00
2.798877771173297333e+03 -1.000000000000000000e+00 -1.000000000000000000e+00
2.812184218656556823e+03 -1.000000000000000000e+00 -1.000000000000000000e+00
2.825553927760754050e+03 -1.000000000000000000e+00 -1.000000000000000000e+00
2.838987199244807016e+03 -1.000000000000000000e+00 -1.000000000000000000e+00
2.852484335297504913e+03 -1.000000000000000000e+00 -1.000000000000000000e+00
2.866045639544288861e+03 -1.000000000000000000e+00 -1.000000000000000000e+00
2.879671417054120866e+03 -1.000000000000000000e+00 -1.000000000000000000e+00
2.893361974346301849e+03 -1.000000000000000000e+00 -1.000000000000000000e+00
2.907117619397405178e+03 -1.000000000000000000e+00 -1.000000000000000000e+00
2.920938661648191101e+03 -1.000000000000000000e+00 -1.000000000000000000e+00
2.934825412010546643e+03 -1.000000000000000000e+00 -1.000000000000000000e+00
2.948778182874521917e+03 -1.000000000000000000e+00 -1.000000000000000000e+00
2.962797288115311858e+03 -1.000000000000000000e+00 -1.000000000000000000e+00
2.976883043100356645e+03 -1.000000000000000000e+00 -1.000000000000000000e+00
2.991035764696418028e+03 -1.000000000000000000e+00 -1.000000000000000000e+00
3.005255771276692940e+03 -1.000000000000000000e+00 -1.000000000000000000e+00
3.019543382728011693e+03 -1.000000000000000000e+00 -1.000000000000000000e+00
3.033898920457990698e+03 -1.000000000000000000e+00 -1.000000000000000000e+00
3.048322707402303422e+03 -1.000000000000000000e+00 -1.000000000000000000e+00
3.062815068031926330e+03 -1.000000000000000000e+00 -1.000000000000000000e+00
3.077376328360418483e+03 -1.000000000000000000e+00 -1.000000000000000000e+00
3.092006815951304361e+03 -1.000000000000000000e+00 -1.000000000000000000e+00
3.106706859925383469e+03 -1.000000000000000000e+00 -1.000000000000000000e+00
3.121476790968186378e+03 -1.000000000000000000e+00 -1.000000000000000000e+00
3.136316941337389835e+03 -1.000000000000000000e+00 -1.000000000000000000e+00
3.151227644870275071e+03 -1.000000000000000000e+00 -1.000000000000000000e+00
3.166209236991278885e+03 -1.000000000000000000e+00 -1.000000000000000000e+00
3.181262054719491971e+03 -1.000000000000000000e+00 -1.000000000000000000e+00
3.196386436676282301e+03 -1.000000000000000000e+00 -1.000000000000000000e+00
3.211582723092893957e+03 -1.000000000000000000e+00 -1.000000000000000000e+00
3.226851255818082336e+03 -1.000000000000000000e+00 -1.000000000000000000e+00
3.242192378325849404e+03 -1.000000000000000000e+00 -1.000000000000000000e+00
3.257606435723116192e+03 -1.000000000000000000e+00 -1.000000000000000000e+00
3.273093774757535812e+03 -1.000000000000000000e+00 -1.000000000000000000e+00
3.288654743825269634e+03 0.000000000000000000e+00 5.448950916793808345e-17
3.304289692978808944e+03 4.419248947250000159e-18 5.407661310749999750e-17
3.319998973934893456e+03 9.186700670081940578e-18 5.056046622615672059e-17
3.335782940082369350e+03 1.001604062759787467e-17 4.293149544526374730e-17
3.351641946490189639e+03 8.788568626447969297e-18 3.670745805354303594e-17
3.367576349915376341e+03 9.580974864467374784e-18 3.502697956723750243e-17
3.383586508811030399e+03 1.293646993182888667e-17 3.073443127415061233e-17
3.399672783334432552e+03 9.015485478767900847e-18 2.933020698246666292e-17
3.415835535355126467e+03 6.781032782996543438e-18 3.124986518129877017e-17
3.432075128463039619e+03 1.102094199062333191e-17 3.289264369236049280e-17
3.448391927976707848e+03 1.063632574667073304e-17 3.535514907152073651e-17
3.464786300951438989e+03 7.071509867466987025e-18 3.440873570445662864e-17
3.481258616187628377e+03 7.436309656105543136e-18 3.218200265519518488e-17
3.497809244238994779e+03 1.187538401813229080e-17 2.796309553486024121e-17
3.514438557420969573e+03 9.712813126495181449e-18 2.408157191376987444e-17
3.531146929819047273e+03 9.889192591076308330e-18 2.329089150408571107e-17
3.547934737297183347e+03 1.258714843420714549e-17 2.274661050322856795e-17
3.564802357506288899e+03 1.377831500428470618e-17 2.110122009425058888e-17
3.581750169892705799e+03 1.140406959867847458e-17 2.124070354874117810e-17
3.598778555706723182e+03 1.016186467658197867e-17 2.207229027451861023e-17
3.615887898011199013e+03 1.061483159588372341e-17 2.369260529492441822e-17
3.633078581690126157e+03 1.183955237956942104e-17 2.371772216385813488e-17
3.650350993457343520e+03 1.373769793742907671e-17 2.209939349535632151e-17
3.667705521865178980e+03 1.527268997226666647e-17 1.969226339778505813e-17
3.685142557313240104e+03 1.480311391757954485e-17 1.813888966098863769e-17
3.702662492057178497e+03 1.483619139485454338e-17 1.664956687085000093e-17
3.720265720217485068e+03 1.549066402153182223e-17 1.583516533430341014e-17
3.737952637788406719e+03 1.535113610839999863e-17 1.590744410681573465e-17
3.755723642646826647e+03 1.155036406961584287e-17 1.573716181318539300e-17
3.773579134561196952e+03 1.548784316653333259e-17 1.661471660146110824e-17
3.791519515200582646e+03 1.711944837383222168e-17 1.735367710951444487e-17
3.809545188143635642e+03 1.600811518909999612e-17 1.765355436511758384e-17
3.827656558887735173e+03 1.567108612891098727e-17 1.669136318536153578e-17
3.845854034858049999e+03 1.544693750473626542e-17 1.576624947416813166e-17
3.864138025416754317e+03 1.559849476794456232e-17 1.417458884988695503e-17
3.882508941872216383e+03 1.628500243865652313e-17 1.359144978680434861e-17
3.900967197488228067e+03 1.716902181111075078e-17 1.360637400048602215e-17
3.919513207493342634e+03 1.813757434721827843e-17 1.164908155422795615e-17
3.938147389090202068e+03 1.809703431347553781e-17 1.252959975758085284e-17
3.956870161464886223e+03 1.751333046848723667e-17 1.145473032266861768e-17
3.975681945796411583e+03 1.808324262778617390e-17 1.327078836664042519e-17
3.994583165266129981e+03 1.889623484169157794e-17 1.361261752515368605e-17
4.013574245067319225e+03 2.001612020976667084e-17 1.438951747670937356e-17
4.032655612414684128e+03 2.136067259235894985e-17 1.442005719987263082e-17
4.051827696554018530e+03 2.060098164912577767e-17 1.453319600096494738e-17
4.071090928771840936e+03 2.123353261316041805e-17 1.380669381629270756e-17
4.090445742405073815e+03 2.243760026494489916e-17 1.260762028578979841e-17
4.109892572850832948e+03 2.190266762558144171e-17 1.221101550916082301e-17
4.129431857576209040e+03 2.142857676107879214e-17 1.182485327714747502e-17
4.149064036128072075e+03 2.320467434490102396e-17 1.207700188754081551e-17
4.168789550143025735e+03 2.397464000458181895e-17 1.212732966018484628e-17
4.188608843357272235e+03 2.343181734472000189e-17 1.234382841957600174e-17
4.208522361616649505e+03 2.405377841573700229e-17 1.244924331767999863e-17
4.228530552886646547e+03 2.390626061999400099e-17 1.258070896607800102e-17
4.248633867262442436e+03 2.602992111421287597e-17 1.261495837525445656e-17
4.268832756979097212e+03 2.476481590675097495e-17 1.225998155923627723e-17
4.289127676421659089e+03 2.374315837383235512e-17 1.239874697140391882e-17
4.309519082135439930e+03 2.427851884048627971e-17 1.147710094858725686e-17
4.330007432836264343e+03 2.313032409148155982e-17 1.041290612534300867e-17
4.350593189420763338e+03 2.480475337178057560e-17 1.023085587070446649e-17
4.371276814976797141e+03 2.544827685225192462e-17 1.007780530890663326e-17
4.392058774793810699e+03 2.688102935551333125e-17 1.044411916821352523e-17
4.412939536373356532e+03 2.799385122541047497e-17 1.062611845234285606e-17
4.433919569439587576e+03 2.689705357363618916e-17 1.084519776325904681e-17
4.454999345949795497e+03 2.796745294203301684e-17 1.120143798095188676e-17
4.476179340105090887e+03 2.801640024716603272e-17 1.147553042069434029e-17
4.497460028361001605e+03 2.795599941979906711e-17 1.150077622020654412e-17
4.518841889438248472e+03 3.047075029982685032e-17 1.196814073044073931e-17
4.540325404333490951e+03 2.946137217471203612e-17 1.292300409891759012e-17
4.561911056330120118e+03 2.993862223723055660e-17 1.139611709617592472e-17
4.583599331009193520e+03 2.990319066316422301e-17 1.048030031057798310e-17
4.605390716260285444e+03 3.112323941252201179e-17 1.008502313297486178e-17
4.627285702292524547e+03 3.141321390903363971e-17 9.646822942633637178e-18
4.649284781645598741e+03 3.316137649970991155e-17 9.668486545073242858e-18
4.671388449200801006e+03 3.202240337199639173e-17 9.667483505660001446e-18
4.693597202192232544e+03 3.291584287557928103e-17 9.768261168065491999e-18
4.715911540217912261e+03 3.299609062216548234e-17 9.823788513419290035e-18
4.738331965251077236e+03 3.334344844678660446e-17 9.850581374290268849e-18
4.760858981651452268e+03 3.234300654643187092e-17 9.984407061621771251e-18
4.783493096176563085e+03 3.332421480084035851e-17 1.005191857777263093e-17
4.806234817993196884e+03 3.377366913656930295e-17 1.136066207366473730e-17
4.829084658688823765e+03 3.432214946017738306e-17 1.158773045742000170e-17
4.852043132283080013e+03 3.799657624583478490e-17 1.031776570507799842e-17
4.875110755239395075e+03 3.760860488833794160e-17 9.522378193121985217e-18
4.898288046476534873e+03 3.639144248507606171e-17 8.727532795577181217e-18
4.921575527380353378e+03 3.767415358464872845e-17 8.559486110065044810e-18
4.944973721815440513e+03 3.842514916514102911e-17 8.453989971797262866e-18
4.968483156136977414e+03 3.942887563487627925e-17 8.346581294520933903e-18
4.992104359202549858e+03 3.968604430731847787e-17 8.543029204664958690e-18
5.015837862384007167e+03 3.929754569604118633e-17 8.815267916773949438e-18
5.039684199579487540e+03 3.997016606180749977e-17 9.078163086197665851e-18
5.063643907225387011e+03 4.062548417914749986e-17 8.643667859813084596e-18
5.087717524308403881e+03 3.978577067910165136e-17 8.680557736329502810e-18
5.111905592377734138e+03 4.057550741618032379e-17 8.712867278846392541e-18
5.136208655557164093e+03 4.126767774121721177e-17 1.096163942527967155e-17
5.160627260557404952e+03 4.046692456643739353e-17 9.798721615426258233e-18
5.185161956688301871e+03 4.084575124637400224e-17 9.402820198754472673e-18
5.209813295871262198e+03 4.191007919481692542e-17 8.208620106771210186e-18
5.234581832651644618e+03 4.226553172989838978e-17 7.934317903008066333e-18
5.259468124211199211e+03 4.213911791134639542e-17 7.642372312559759298e-18
5.284472730380667599e+03 4.473702188213589476e-17 7.757793459792306375e-18
5.309596213652340339e+03 -1.000000000000000000e+00 -1.000000000000000000e+00
5.334839139192684343e+03 -1.000000000000000000e+00 -1.000000000000000000e+00
5.360202074855125829e+03 -1.000000000000000000e+00 -1.000000000000000000e+00
5.385685591192744141e+03 -1.000000000000000000e+00 -1.000000000000000000e+00
5.411290261471187478e+03 -1.000000000000000000e+00 -1.000000000000000000e+00
5.437016661681485857e+03 -1.000000000000000000e+00 -1.000000000000000000e+00
5.462865370553082357e+03 -1.000000000000000000e+00 -1.000000000000000000e+00
5.488836969566823427e+03 -1.000000000000000000e+00 -1.000000000000000000e+00
5.514932042967998314e+03 -1.000000000000000000e+00 -1.000000000000000000e+00
5.541151177779557656e+03 -1.000000000000000000e+00 -1.000000000000000000e+00
5.567494963815280244e+03 -1.000000000000000000e+00 -1.000000000000000000e+00
5.593963993693007069e+03 -1.000000000000000000e+00 -1.000000000000000000e+00
5.620558862848053650e+03 -1.000000000000000000e+00 -1.000000000000000000e+00
5.647280169546515026e+03 -1.000000000000000000e+00 -1.000000000000000000e+00
5.674128514898810863e+03 5.102923808343333701e-17 1.408861991598333394e-17
5.701104502873122328e+03 5.180440114334368957e-17 1.427125212833407147e-17
5.728208740309051791e+03 5.276992079967499354e-17 1.899669298971764679e-17
5.755441836931246144e+03 5.090320790204744145e-17 1.799877028203357482e-17
5.782804405363072874e+03 5.217499451732100241e-17 1.508146232333840441e-17
5.810297061140477126e+03 5.318312736730362386e-17 1.318286972756449070e-17
5.837920422725786921e+03 5.227342061714892697e-17 1.255527678698705002e-17
5.865675111521594772e+03 5.185957536269137605e-17 1.436372426412302242e-17
5.893561751884816658e+03 5.001095613302284708e-17 1.428532002538857461e-17
5.921580971140646398e+03 5.317612550295675003e-17 1.339773925513829835e-17
5.949733399596757408e+03 5.328686304273332313e-17 1.586438388854751748e-17
5.978019670557388963e+03 5.616378021116125842e-17 1.322453204109436589e-17
6.006440420337679825e+03 5.618841470152028573e-17 1.186443111105734210e-17
6.034996288277939129e+03 5.910070393704583342e-17 1.100756433322916655e-17
6.063687916758000028e+03 5.773293645771806341e-17 1.060271209994097310e-17
6.092515951211737047e+03 5.847251980199652308e-17 1.098226372573402773e-17
6.121481040141554331e+03 5.936016136964793889e-17 1.102791547916164352e-17
6.150583835132932109e+03 5.884640296570549392e-17 1.175803368969685029e-17
6.179824990869174144e+03 6.114938933902720728e-17 1.251676849778503292e-17
6.209205165146034233e+03 6.240344870827026499e-17 1.112603214715094601e-17
6.238725018886603721e+03 6.330964528983514073e-17 1.020808061720081037e-17
6.268385216156138995e+03 6.261055776970737136e-17 9.472419938196844929e-18
6.298186424176960827e+03 6.334206892377718968e-17 1.035046016444624013e-17
6.328129313343556532e+03 6.453676965475932588e-17 1.045077892476200071e-17
6.358214557237558438e+03 6.256850819915166436e-17 1.114392644885688704e-17
6.388442832642982466e+03 6.395711914772565680e-17 1.022291472785552793e-17
6.418814819561416698e+03 6.603985925287842521e-17 1.097582187920804031e-17
6.449331201227280872e+03 6.702516467298168993e-17 9.830445319623333108e-18
6.479992664123285067e+03 6.819601858827272258e-17 8.873734050849478965e-18
6.510799897995768333e+03 6.911337721961999892e-17 8.505438716105418867e-18
6.541753595870306526e+03 7.020947196851612728e-17 8.766344016509032392e-18
6.572854454067261941e+03 6.977409380074103746e-17 8.749061761645000315e-18
6.604103172217414794e+03 6.805086571472037604e-17 9.111834792948153699e-18
6.635500453277782071e+03 6.891003834672530729e-17 7.986473424670126470e-18
6.667047003547335407e+03 7.096719130952280721e-17 9.840821834428228794e-18
6.698743532682974546e+03 7.352900537216812276e-17 8.938601460646812074e-18
6.730590753715463507e+03 7.297046512006499517e-17 8.053732985626624410e-18
6.762589383065413131e+03 7.324513243776062072e-17 7.553572764369374312e-18
6.794740140559511929e+03 7.413860354128579497e-17 7.343420650362777803e-18
6.827043749446587753e+03 7.493414799719569257e-17 8.166636230204630051e-18
6.859500936413994168e+03 7.657496203287056563e-17 7.960750118259509363e-18
6.892112431603904042e+03 7.639264443735427716e-17 8.210302323305244170e-18
6.924878968629698647e+03 7.633969758620666226e-17 7.602010736983211722e-18
6.957801284592562297e+03 7.717952995297877690e-17 9.084445167310726927e-18
6.990880120097957843e+03 7.771000105659215843e-17 7.736357955764578902e-18
7.024116219272383205e+03 7.666171405650778476e-17 7.045276935998863731e-18
7.057510329780066968e+03 7.567878323632678859e-17 6.636054624081012943e-18
7.091063202839749465e+03 7.706414257489761719e-17 6.421712730727738104e-18
7.124775593241660317e+03 7.735781495318705895e-17 6.517733444564236061e-18
7.158648259364461410e+03 7.642028196975587982e-17 6.675486286530175409e-18
7.192681963192260810e+03 7.737120908496491433e-17 6.906292098741285061e-18
7.226877470331854965e+03 7.377647252378254837e-17 7.327660794938315246e-18
7.261235550029838123e+03 7.268260045903488694e-17 8.512592882903313795e-18
7.295756975190018238e+03 7.121823778629310235e-17 7.749072835938792495e-18
7.330442522390694648e+03 7.277566254715230016e-17 6.963005434541838424e-18
7.365292971902219506e+03 7.471520136559428861e-17 6.497010267829600933e-18
7.400309107704518283e+03 7.399866063267385546e-17 6.274181740017271998e-18
7.435491717504673943e+03 7.420798212487627242e-17 6.304754819335649574e-18
7.470841592754737576e+03 7.347389433551355768e-17 6.866515950081919904e-18
7.506359528669483552e+03 7.272847661870506120e-17 7.332267185705055258e-18
7.542046324244267453e+03 7.183689794007166804e-17 6.546428959691610322e-18
7.577902782273087723e+03 6.131510785406277290e-17 5.359887719143555941e-18
7.613929709366530915e+03 6.763525097290884040e-17 5.445529401839834564e-18
7.650127915970047070e+03 7.027549347925549531e-17 5.774799969748956412e-18
7.686498216382045030e+03 6.869192882987582576e-17 6.801212746909230650e-18
7.723041428772323343e+03 6.810449048707391238e-17 6.338413201982716355e-18
7.759758375200432965e+03 6.884377124699347787e-17 6.396990722304511315e-18
7.796649881634122721e+03 7.000743844524085331e-17 6.202202769318279722e-18
7.833716777968003043e+03 6.955511436856703141e-17 7.010686197480702542e-18
7.870959898042184250e+03 6.994219597542726884e-17 7.271329474275883188e-18
7.908380079660973934e+03 7.020375683477020243e-17 6.840276844812766088e-18
7.945978164611841748e+03 7.115135977016878625e-17 6.771790774635132235e-18
7.983754998684224120e+03 6.991913841485736735e-17 7.064526763666420535e-18
8.021711431688682751e+03 7.048014975132789310e-17 6.289323550980947399e-18
8.059848317475888507e+03 6.906803812090364440e-17 5.672331748601251539e-18
8.098166513955948176e+03 6.930795729339375102e-17 5.200935013286718411e-18
8.136666883117648467e+03 6.883226790628402422e-17 4.935944820923608358e-18
8.175350291047803694e+03 6.846829470928454690e-17 4.906604841804382088e-18
8.214217607950831734e+03 6.995788396361025143e-17 5.095762510543127621e-18
8.253269708168287252e+03 6.721179894510918523e-17 6.502854682317193054e-18
8.292507470198474039e+03 6.690712217640102243e-17 6.183130020687461093e-18
8.331931776716324748e+03 6.445482311800908896e-17 5.919586437100606474e-18
8.371543514593129657e+03 6.686251386039241292e-17 6.714138626700657946e-18
8.411343574916614671e+03 6.498293786986532299e-17 6.551967535734824263e-18
8.451332853010855615e+03 6.603820788323869711e-17 5.888591514789246776e-18
8.491512248456532689e+03 6.542455690809851215e-17 5.430123003735098112e-18
8.531882665111128517e+03 6.570239718704926457e-17 4.990082898234286164e-18
8.572445011129188060e+03 6.579296292557941603e-17 4.764983987215538922e-18
8.613200198982875008e+03 6.448011812095685908e-17 5.568024461004706808e-18
8.654149145482428139e+03 6.481135228573399147e-17 5.621102977076019644e-18
8.695292771796750458e+03 6.533170168680241066e-17 5.238581633232271907e-18
8.736632003474231169e+03 6.295773779091399677e-17 6.678297023882317909e-18
8.778167770463445777e+03 6.376481122009903719e-17 5.122931638491865794e-18
8.819901007134192696e+03 6.266088539221809711e-17 6.726153241633095280e-18
8.861832652298457106e+03 6.408616908884237954e-17 6.000705801028856495e-18
8.903963649231474847e+03 6.319713423725307244e-17 5.726317396284881531e-18
8.946294945693087357e+03 6.339991283605774895e-17 4.756022732346525562e-18
8.988827493948907431e+03 6.391791670789296080e-17 4.906171375285869681e-18
9.031562250791870611e+03 6.511287353390465724e-17 4.822258506255349185e-18
9.074500177563704710e+03 6.638407023872407665e-17 4.639975642937407881e-18
9.117642240176504856e+03 6.642099102257361628e-17 4.658731913844537249e-18
9.160989409134583184e+03 6.649725242143899165e-17 5.036699794982660792e-18
9.204542659556162107e+03 6.654237549257900676e-17 5.631872479386894677e-18
9.248302971195427745e+03 6.749928157354636354e-17 4.972674459711273371e-18
9.292271328464526960e+03 6.778240322951183043e-17 7.074640005335771783e-18
9.336448720455649891e+03 6.794904115555384978e-17 6.435284751728868873e-18
9.380836140963412618e+03 7.032313033497221182e-17 6.554863221794618363e-18
9.425434588507056105e+03 7.444797529054819653e-17 6.366332597294098980e-18
9.470245066353052607e+03 7.462211349681726846e-17 6.057425361918583423e-18
9.515268582537613838e+03 7.519404374576813765e-17 5.990760263940928143e-18
9.560506149889302833e+03 7.419618645046194267e-17 5.718755625494336382e-18
9.605958786051958668e+03 7.332939332519472801e-17 5.966671286939957035e-18
9.651627513507435651e+03 7.341492293381914776e-17 7.626429739445782410e-18
9.697513359598737225e+03 7.478022340099082803e-17 8.294580009828688698e-18
9.743617356553064383e+03 7.562997957526465398e-17 7.649654228983404856e-18
9.789940541504993234e+03 7.567830579376202515e-17 1.187160478058700121e-17
9.836483956519919957e+03 -1.000000000000000000e+00 -1.000000000000000000e+00
9.883248648617365689e+03 -1.000000000000000000e+00 -1.000000000000000000e+00
9.930235669794657952e+03 -1.000000000000000000e+00 -1.000000000000000000e+00
9.977446077050535678e+03 -1.000000000000000000e+00 -1.000000000000000000e+00
1.002488093240887429e+04 -1.000000000000000000e+00 -1.000000000000000000e+00
1.007254130294269999e+04 8.462607966505588161e-17 5.029961346663823608e-17
1.012042826079808401e+04 8.729250785628000683e-17 4.518648550731625582e-17
1.016854288321830427e+04 9.016862496802625458e-17 4.173338546182625069e-17
1.021688625256812156e+04 9.040590434408641136e-17 2.397551890368148401e-17
1.026545945635800672e+04 9.491231627826705569e-17 2.355596737056585639e-17
1.031426358726875696e+04 8.978886542409754686e-17 1.895174971294814836e-17
1.036329974317596316e+04 8.676894914917927921e-17 1.520720772635731244e-17
1.041256902717473713e+04 8.581958839610121557e-17 1.225723857549204752e-17
1.046207254760458272e+04 8.525619510755541461e-17 1.041864233844469881e-17
1.051181141807420499e+04 8.349490804517350659e-17 9.514357123644579364e-18
1.056178675748671412e+04 8.240620835932262389e-17 9.720713147071426947e-18
1.061199969006466745e+04 8.063910106527975501e-17 1.038333315905630959e-17
1.066245134537541708e+04 8.137019040770118272e-17 1.144191213120892890e-17
1.071314285835655573e+04 8.346705609636118235e-17 1.610327197639882347e-17
1.076407536934132986e+04 8.094778873988940910e-17 1.107098496089800021e-17
1.081525002408444197e+04 8.083274129336512459e-17 1.304464931266255446e-17
1.086666797378770571e+04 7.943919827156048210e-17 9.136453095599417374e-18
1.091833037512599367e+04 7.726125325663447634e-17 1.038108274458022949e-17
1.097023839027329086e+04 7.632686604111149056e-17 1.040168614674965698e-17
1.102239318692872257e+04 7.520522895679310902e-17 1.035155429079724139e-17
1.107479593834297702e+04 7.490054782038409207e-17 1.007576233968363677e-17
1.112744782334457705e+04 7.379861474255114053e-17 9.455676712579888253e-18
1.118035002636643912e+04 7.552626671670114164e-17 1.040492688356102263e-17
1.123350373747256890e+04 7.189501382696291443e-17 8.285664182024495078e-18
1.128691015238469845e+04 7.068776973807221169e-17 1.050517370854433355e-17
1.134057047250935648e+04 6.966132198519000478e-17 7.863632461684333092e-18
1.139448590496476027e+04 6.793135987559109162e-17 8.528733822219333037e-18
1.144865766260801502e+04 6.599584403903407158e-17 8.241393068130218854e-18
1.150308696406245326e+04 6.737214569299120052e-17 8.927917311198023023e-18
1.155777503374490880e+04 6.747502065699230148e-17 1.034488398272175798e-17
1.161272310189343443e+04 6.693488615769455252e-17 9.513186435992282986e-18
1.166793240459484514e+04 6.392524951410646529e-17 1.067637658751516376e-17
1.172340418381256313e+04 6.099050047236345347e-17 7.864605858215483314e-18
1.177913968741461395e+04 6.143013499691291083e-17 7.114781953807740867e-18
1.183514016920156791e+04 6.191204531170849470e-17 6.655818955202765899e-18
1.189140688893490187e+04 5.990067980816279389e-17 6.065742859403084062e-18
1.194794111236521712e+04 5.967894226311157436e-17 8.481388812851262237e-18
1.200474411126075574e+04 5.753458030209579609e-17 9.198707210167370064e-18
1.206181716343605694e+04 5.710084731151156097e-17 6.905369826877685319e-18
1.211916155278057522e+04 5.721335640889789439e-17 1.067591278843378698e-17
1.217677856928772417e+04 5.730246107647834889e-17 9.525804963158143128e-18
1.223466950908376748e+04 5.777343636424227924e-17 1.015809113303402042e-17
1.229283567445702283e+04 5.757402881504638245e-17 8.206277912474226997e-18
1.235127837388720764e+04 5.596693129851855532e-17 6.066253915960308871e-18
1.240999892207473749e+04 5.646470270117856288e-17 6.030763735174898379e-18
1.246899863997047214e+04 5.443594638019394227e-17 6.435757124687981251e-18
1.252827885480529767e+04 5.375626518072928260e-17 6.309266240185454762e-18
1.258784090012003435e+04 5.166702937035600232e-17 9.216516230141400841e-18
1.264768611579548087e+04 5.512626294497099871e-17 1.444228454816150021e-17
1.270781584808242042e+04 5.067218811637898878e-17 1.182289458669620105e-17
1.276823144963208142e+04 5.240284119762474350e-17 1.295938815728692860e-17
1.282893427952642742e+04 5.253215997271863177e-17 8.786796072816863333e-18
1.288992570330878152e+04 5.053685495754902497e-17 9.659544789959412711e-18
1.295120709301459283e+04 4.899526449321372505e-17 5.822597016837840870e-18
1.301277982720216278e+04 4.932078222164423000e-17 6.564284716499519368e-18
1.307464529098383537e+04 4.933667226096665842e-17 7.782854318083094948e-18
1.313680487605702183e+04 -1.000000000000000000e+00 -1.000000000000000000e+00
1.319925998073554183e+04 -1.000000000000000000e+00 -1.000000000000000000e+00
1.326201200998113563e+04 -1.000000000000000000e+00 -1.000000000000000000e+00
1.332506237543498901e+04 -1.000000000000000000e+00 -1.000000000000000000e+00
1.338841249544952552e+04 -1.000000000000000000e+00 -1.000000000000000000e+00
1.345206379512032436e+04 -1.000000000000000000e+00 -1.000000000000000000e+00
1.351601770631813997e+04 -1.000000000000000000e+00 -1.000000000000000000e+00
1.358027566772118189e+04 -1.000000000000000000e+00 -1.000000000000000000e+00
1.364483912484740722e+04 -1.000000000000000000e+00 -1.000000000000000000e+00
1.370970953008706056e+04 -1.000000000000000000e+00 -1.000000000000000000e+00
1.377488834273536850e+04 -1.000000000000000000e+00 -1.000000000000000000e+00
1.384037702902532328e+04 -1.000000000000000000e+00 -1.000000000000000000e+00
1.390617706216074839e+04 -1.000000000000000000e+00 -1.000000000000000000e+00
1.397228992234933321e+04 -1.000000000000000000e+00 -1.000000000000000000e+00
1.403871709683600056e+04 -1.000000000000000000e+00 -1.000000000000000000e+00
1.410546007993634521e+04 -1.000000000000000000e+00 -1.000000000000000000e+00
1.417252037307023784e+04 -1.000000000000000000e+00 -1.000000000000000000e+00
1.423989948479564737e+04 -1.000000000000000000e+00 -1.000000000000000000e+00
1.430759893084250325e+04 -1.000000000000000000e+00 -1.000000000000000000e+00
1.437562023414683244e+04 4.995931564865890834e-17 3.110920529433835339e-18
1.444396492488506738e+04 4.993919833111913051e-17 2.968594882937217732e-18
1.451263454050832661e+04 4.769502958743783067e-17 4.696047445654234603e-18
1.458163062577718301e+04 4.703668351343999255e-17 4.438905849129913233e-18
1.465095473279626640e+04 4.532260304067499287e-17 5.048608770109826518e-18
1.472060842104924268e+04 4.583805725953419371e-17 5.312529996332477064e-18
1.479059325743394038e+04 4.565700659845983163e-17 6.521367501052307608e-18
1.486091081629744076e+04 4.367452636020339510e-17 6.692871637286865491e-18
1.493156267947170636e+04 4.449664563351609442e-17 3.376880906353305578e-18
1.500255043630899854e+04 4.661441219173107542e-17 6.928666754853615034e-18
1.507387568371768975e+04 4.575585398456499598e-17 5.029311462353749204e-18
1.514554002619824678e+04 4.489970524153999307e-17 4.289760915836916762e-18
1.521754507587915577e+04 4.361147864388276397e-17 4.558043783085775226e-18
1.528989245255341484e+04 4.480336339329333227e-17 3.120034694789916660e-18
1.536258378371478466e+04 4.417056392962221230e-17 4.974927886013675822e-18
1.543562070459447023e+04 4.374701105236311930e-17 4.034632650560983581e-18
1.550900485819797359e+04 4.304618136921157078e-17 5.601517978712644211e-18
1.558273789534186835e+04 4.333253275033770503e-17 4.487869863970163472e-18
1.565682147469117444e+04 4.212589526228870702e-17 4.180198151670078979e-18
1.573125726279648188e+04 4.167616217849435238e-17 4.857714206540887310e-18
1.580604693413150926e+04 3.964493016666774179e-17 6.348213537102015982e-18
1.588119217113083505e+04 3.881800841649998907e-17 3.614723750004285650e-18
1.595669466422757250e+04 3.774765396834758398e-17 4.080787781696774847e-18
1.603255611189161573e+04 3.784814618011544935e-17 3.706482219419837128e-18
1.610877822066767112e+04 3.645241824677938081e-17 2.918949045904524322e-18
1.618536270521371989e+04 3.592904695195725595e-17 4.988997310439355161e-18
1.626231128833965158e+04 3.572148189617500112e-17 3.609427778443905431e-18
1.633962570104582301e+04 3.473960981393076291e-17 4.961023264752768820e-18
1.641730768256225565e+04 3.433458732525984748e-17 4.356601390414960209e-18
1.649535898038756932e+04 3.460483967304000238e-17 3.049725116654077244e-18
1.657378135032833961e+04 3.405333825536793872e-17 2.621774611627633657e-18
1.665257655653869733e+04 3.432784282285937227e-17 4.957086477533359321e-18
1.673174637155979144e+04 3.397939216067348249e-17 2.982985602444393769e-18
1.681129257635994145e+04 3.377453016165895654e-17 2.687082475717238749e-18
1.689121696037448055e+04 3.238553697292682954e-17 3.642806139421706892e-18
1.697152132154608626e+04 3.246693918307537722e-17 2.585035352724924972e-18
1.705220746636530021e+04 3.220154995705390953e-17 4.049897856922500084e-18
1.713327720991098977e+04 3.233018259587941555e-17 2.907143637562867801e-18
1.721473237589139171e+04 3.137544786828160965e-17 3.749435160226691046e-18
1.729657479668495580e+04 3.069910491373823806e-17 3.469091775203456187e-18
1.737880631338165767e+04 3.048528791870923220e-17 4.505110475321076961e-18
1.746142877582446090e+04 2.971885093320941887e-17 2.759491550713116349e-18
1.754444404265073899e+04 3.045403669750287682e-17 1.893121984709064579e-18
1.762785398133434865e+04 3.078663748484785414e-17 4.431613536880357360e-18
1.771166046822742283e+04 3.039529922631214438e-17 2.291864751299714191e-18
1.779586538860266955e+04 3.089304811721843665e-17 3.060422768883759255e-18
1.788047063669585259e+04 3.049147078378787390e-17 2.420222402067878876e-18
1.796547811574818479e+04 -1.000000000000000000e+00 -1.000000000000000000e+00
1.805088973804943453e+04 -1.000000000000000000e+00 -1.000000000000000000e+00
1.813670742498069740e+04 -1.000000000000000000e+00 -1.000000000000000000e+00
1.822293310705772456e+04 -1.000000000000000000e+00 -1.000000000000000000e+00
1.830956872397442203e+04 -1.000000000000000000e+00 -1.000000000000000000e+00
1.839661622464625907e+04 -1.000000000000000000e+00 -1.000000000000000000e+00
1.848407756725440049e+04 -1.000000000000000000e+00 -1.000000000000000000e+00
1.857195471928951883e+04 -1.000000000000000000e+00 -1.000000000000000000e+00
1.866024965759617407e+04 -1.000000000000000000e+00 -1.000000000000000000e+00
1.874896436841730247e+04 -1.000000000000000000e+00 -1.000000000000000000e+00
1.883810084743873813e+04 -1.000000000000000000e+00 -1.000000000000000000e+00
1.892766109983434580e+04 -1.000000000000000000e+00 -1.000000000000000000e+00
1.901764714031094263e+04 -1.000000000000000000e+00 -1.000000000000000000e+00
1.910806099315365282e+04 -1.000000000000000000e+00 -1.000000000000000000e+00
1.919890469227156427e+04 -1.000000000000000000e+00 -1.000000000000000000e+00
1.929018028124331249e+04 -1.000000000000000000e+00 -1.000000000000000000e+00
1.938188981336315192e+04 2.965415405420563554e-17 1.844829139686129711e-18
1.947403535168713279e+04 3.057024017682077740e-17 2.566714619914675169e-18
1.956661896907948540e+04 2.795762572232064651e-17 2.531292295143161274e-18
1.965964274825931716e+04 2.671228367816666708e-17 2.880156840524936055e-18
1.975310878184735702e+04 2.585192404277563530e-17 2.666520607758397374e-18
1.984701917241312185e+04 2.599906476670509155e-17 1.951477527440445490e-18
1.994137603252216650e+04 2.294806696965000143e-17 2.790696110804807651e-18
2.003618148478360672e+04 2.286072417686729673e-17 1.988378126652076032e-18
2.013143766189795133e+04 2.284193095479187031e-17 2.065155668611187425e-18
2.022714670670493797e+04 2.428519081068187588e-17 2.103313039782187676e-18
2.032331077223184548e+04 2.329231133224210355e-17 2.232738704886776652e-18
2.041993202174187536e+04 2.334334236955432096e-17 2.210707357544752813e-18
2.051701262878283160e+04 2.151824791648950332e-17 3.053697340211234181e-18
2.061455477723605509e+04 2.182283972582330931e-17 2.381117496345337537e-18
2.071256066136547815e+04 2.153366922043514615e-17 3.212462705100484875e-18
2.081103248586701739e+04 2.136886831954816764e-17 3.652505135524329326e-18
2.090997246591818475e+04 2.105259820208976057e-17 2.173577128780903940e-18
2.100938282722788790e+04 2.100781735666060850e-17 3.312016486860848524e-18
2.110926580608657605e+04 2.007716038502095751e-17 3.132527846281137950e-18
2.120962364941642591e+04 2.066061728912976321e-17 2.988984953236190385e-18
2.131045861482194596e+04 1.968581491929881839e-17 2.728305034818520596e-18
2.141177297064086451e+04 1.945443783240769034e-17 3.189314298245620955e-18
2.151356899599489770e+04 1.914958315486958813e-17 3.142873721591345558e-18
2.161584898084133965e+04 1.829492055583801195e-17 2.905268696805789226e-18
2.171861522602431432e+04 1.853445924128953166e-17 3.225946761798430390e-18
2.182187004332666038e+04 1.810620218943236986e-17 3.077063218435607323e-18
2.192561575552199429e+04 1.739478092001716258e-17 3.752741305422662771e-18
2.202985469642671160e+04 1.789388450496337014e-17 3.872104082775697829e-18
2.213458921095283222e+04 1.662091089471600116e-17 3.421779548614113881e-18
2.223982165516047826e+04 1.667227313732994418e-17 4.247170215425141246e-18
2.234555439631097397e+04 1.665795467937909678e-17 4.008927925462089707e-18
2.245178981292017488e+04 1.519422363372415588e-17 4.694205231159775370e-18
2.255853029481176418e+04 1.515521810401516658e-17 4.672845662919213822e-18
2.266577824317127306e+04 1.395835871861444408e-17 4.858442272901833156e-18
2.277353607059990100e+04 1.105807139744066727e-17 4.175092652405166680e-18
2.288180620116884165e+04 1.225506294939115088e-17 4.355672725011154184e-18
2.299059107047392536e+04 1.124636761633220083e-17 4.396881356646209378e-18
2.309989312569014146e+04 1.114684825392169547e-17 4.555724802345246129e-18
2.320971482562704114e+04 1.121380002929793463e-17 4.752603147019129955e-18
2.332005864078375453e+04 9.868294345671792007e-18 5.240648073453533003e-18
2.343092705340468819e+04 9.513544792776235638e-18 5.772760309786236088e-18
2.354232255753544814e+04 8.855356336299839267e-18 6.205343133208118866e-18
2.365424765907868277e+04 9.198475061347499211e-18 6.713688768535798104e-18
2.376670487585079900e+04 7.365603679935797625e-18 7.216418054630958130e-18
2.387969673763832179e+04 7.473148272689100903e-18 7.939417048595185004e-18
2.399322578625490860e+04 2.283555003074416608e-18 8.489791085875001249e-18
2.410729457559863658e+04 -1.000000000000000000e+00 -1.000000000000000000e+00
2.422190567170915529e+04 -1.000000000000000000e+00 -1.000000000000000000e+00
2.433706165282579241e+04 -1.000000000000000000e+00 -1.000000000000000000e+00
2.445276510944525216e+04 -1.000000000000000000e+00 -1.000000000000000000e+00
2.456901864438000121e+04 -1.000000000000000000e+00 -1.000000000000000000e+00
2.468582487281691647e+04 -1.000000000000000000e+00 -1.000000000000000000e+00
2.480318642237584936e+04 -1.000000000000000000e+00 -1.000000000000000000e+00
2.492110593316907762e+04 -1.000000000000000000e+00 -1.000000000000000000e+00
2.503958605786040425e+04 -1.000000000000000000e+00 -1.000000000000000000e+00
2.515862946172496959e+04 -1.000000000000000000e+00 -1.000000000000000000e+00
2.527823882270928516e+04 -1.000000000000000000e+00 -1.000000000000000000e+00
2.539841683149118762e+04 -1.000000000000000000e+00 -1.000000000000000000e+00
2.551916619154074942e+04 -1.000000000000000000e+00 -1.000000000000000000e+00
2.564048961918078203e+04 -1.000000000000000000e+00 -1.000000000000000000e+00
2.576238984364808130e+04 -1.000000000000000000e+00 -1.000000000000000000e+00
2.588486960715489113e+04 -1.000000000000000000e+00 -1.000000000000000000e+00
2.600793166495033074e+04 -1.000000000000000000e+00 -1.000000000000000000e+00
2.613157878538271689e+04 -1.000000000000000000e+00 -1.000000000000000000e+00
2.625581374996158775e+04 -1.000000000000000000e+00 -1.000000000000000000e+00
2.638063935342032710e+04 -1.000000000000000000e+00 -1.000000000000000000e+00
2.650605840377919958e+04 -1.000000000000000000e+00 -1.000000000000000000e+00
2.663207372240817494e+04 -1.000000000000000000e+00 -1.000000000000000000e+00
2.675868814409080005e+04 -1.000000000000000000e+00 -1.000000000000000000e+00
2.688590451708765613e+04 -1.000000000000000000e+00 -1.000000000000000000e+00
2.701372570320056548e+04 -1.000000000000000000e+00 -1.000000000000000000e+00
2.714215457783704187e+04 -1.000000000000000000e+00 -1.000000000000000000e+00
2.727119403007469737e+04 -1.000000000000000000e+00 -1.000000000000000000e+00
2.740084696272662404e+04 -1.000000000000000000e+00 -1.000000000000000000e+00
2.753111629240637194e+04 -1.000000000000000000e+00 -1.000000000000000000e+00
2.766200494959367279e+04 -1.000000000000000000e+00 -1.000000000000000000e+00
2.779351587870047297e+04 -1.000000000000000000e+00 -1.000000000000000000e+00
2.792565203813696280e+04 -1.000000000000000000e+00 -1.000000000000000000e+00
2.805841640037826801e+04 -1.000000000000000000e+00 -1.000000000000000000e+00
2.819181195203127209e+04 -1.000000000000000000e+00 -1.000000000000000000e+00
2.832584169390178431e+04 -1.000000000000000000e+00 -1.000000000000000000e+00
2.846050864106217341e+04 -1.000000000000000000e+00 -1.000000000000000000e+00
2.859581582291896120e+04 -1.000000000000000000e+00 -1.000000000000000000e+00
2.873176628328117295e+04 -1.000000000000000000e+00 -1.000000000000000000e+00
2.886836308042870223e+04 -1.000000000000000000e+00 -1.000000000000000000e+00
2.900560928718113792e+04 -1.000000000000000000e+00 -1.000000000000000000e+00
2.914350799096696210e+04 -1.000000000000000000e+00 -1.000000000000000000e+00
2.928206229389285363e+04 -1.000000000000000000e+00 -1.000000000000000000e+00
2.942127531281357733e+04 -1.000000000000000000e+00 -1.000000000000000000e+00
2.956115017940208782e+04 -1.000000000000000000e+00 -1.000000000000000000e+00
2.970169004021991350e+04 -1.000000000000000000e+00 -1.000000000000000000e+00
2.984289805678810080e+04 -1.000000000000000000e+00 -1.000000000000000000e+00
2.998477740565812564e+04 -1.000000000000000000e+00 -1.000000000000000000e+00
3.012733127848347794e+04 -1.000000000000000000e+00 -1.000000000000000000e+00
3.027056288209143895e+04 -1.000000000000000000e+00 -1.000000000000000000e+00
3.041447543855518234e+04 -1.000000000000000000e+00 -1.000000000000000000e+00
3.055907218526638098e+04 -1.000000000000000000e+00 -1.000000000000000000e+00
3.070435637500784651e+04 -1.000000000000000000e+00 -1.000000000000000000e+00
3.085033127602679815e+04 -1.000000000000000000e+00 -1.000000000000000000e+00
3.099700017210851001e+04 -1.000000000000000000e+00 -1.000000000000000000e+00
3.114436636264982735e+04 -1.000000000000000000e+00 -1.000000000000000000e+00
3.129243316273384698e+04 -1.000000000000000000e+00 -1.000000000000000000e+00
3.144120390320412480e+04 -1.000000000000000000e+00 -1.000000000000000000e+00
3.159068193073974544e+04 -1.000000000000000000e+00 -1.000000000000000000e+00
3.174087060793072669e+04 -1.000000000000000000e+00 -1.000000000000000000e+00
3.189177331335331473e+04 -1.000000000000000000e+00 -1.000000000000000000e+00
3.204339344164643990e+04 -1.000000000000000000e+00 -1.000000000000000000e+00
3.219573440358772496e+04 -1.000000000000000000e+00 -1.000000000000000000e+00
3.234879962617033016e+04 -1.000000000000000000e+00 -1.000000000000000000e+00
3.250259255268019115e+04 -1.000000000000000000e+00 -1.000000000000000000e+00
3.265711664277310774e+04 -1.000000000000000000e+00 -1.000000000000000000e+00
3.281237537255304051e+04 -1.000000000000000000e+00 -1.000000000000000000e+00
3.296837223464994167e+04 -1.000000000000000000e+00 -1.000000000000000000e+00
3.312511073829844099e+04 -1.000000000000000000e+00 -1.000000000000000000e+00
3.328259440941694629e+04 -1.000000000000000000e+00 -1.000000000000000000e+00
3.344082679068656580e+04 -1.000000000000000000e+00 -1.000000000000000000e+00
3.359981144163130375e+04 -1.000000000000000000e+00 -1.000000000000000000e+00
3.375955193869773211e+04 -1.000000000000000000e+00 -1.000000000000000000e+00
3.392005187533560820e+04 -1.000000000000000000e+00 -1.000000000000000000e+00
3.408131486207882699e+04 -1.000000000000000000e+00 -1.000000000000000000e+00
3.424334452662627154e+04 -1.000000000000000000e+00 -1.000000000000000000e+00
3.440614451392390765e+04 -1.000000000000000000e+00 -1.000000000000000000e+00
3.456971848624637641e+04 -1.000000000000000000e+00 -1.000000000000000000e+00
3.473407012327956181e+04 -1.000000000000000000e+00 -1.000000000000000000e+00
3.489920312220346386e+04 -1.000000000000000000e+00 -1.000000000000000000e+00
3.506512119777499902e+04 -1.000000000000000000e+00 -1.000000000000000000e+00
3.523182808241206658e+04 -1.000000000000000000e+00 -1.000000000000000000e+00
3.539932752627711307e+04 -1.000000000000000000e+00 -1.000000000000000000e+00
3.556762329736162064e+04 -1.000000000000000000e+00 -1.000000000000000000e+00
3.573671918157107575e+04 -1.000000000000000000e+00 -1.000000000000000000e+00
3.590661898280963942e+04 -1.000000000000000000e+00 -1.000000000000000000e+00
3.607732652306631644e+04 -1.000000000000000000e+00 -1.000000000000000000e+00
3.624884564250047697e+04 -1.000000000000000000e+00 -1.000000000000000000e+00
3.642118019952842587e+04 -1.000000000000000000e+00 -1.000000000000000000e+00
3.659433407091032132e+04 -1.000000000000000000e+00 -1.000000000000000000e+00
3.676831115183696966e+04 -1.000000000000000000e+00 -1.000000000000000000e+00
3.694311535601802461e+04 -1.000000000000000000e+00 -1.000000000000000000e+00
3.711875061576953885e+04 -1.000000000000000000e+00 -1.000000000000000000e+00
3.729522088210264337e+04 -1.000000000000000000e+00 -1.000000000000000000e+00
3.747253012481253245e+04 -1.000000000000000000e+00 -1.000000000000000000e+00
3.765068233256737585e+04 -1.000000000000000000e+00 -1.000000000000000000e+00
3.782968151299856981e+04 -1.000000000000000000e+00 -1.000000000000000000e+00
3.800953169279046415e+04 -1.000000000000000000e+00 -1.000000000000000000e+00
3.819023691777111526e+04 -1.000000000000000000e+00 -1.000000000000000000e+00
3.837180125300342479e+04 -1.000000000000000000e+00 -1.000000000000000000e+00
3.855422878287620551e+04 -1.000000000000000000e+00 -1.000000000000000000e+00
3.873752361119654233e+04 -1.000000000000000000e+00 -1.000000000000000000e+00
3.892168986128173856e+04 -1.000000000000000000e+00 -1.000000000000000000e+00
3.910673167605222261e+04 -1.000000000000000000e+00 -1.000000000000000000e+00
3.929265321812484035e+04 -1.000000000000000000e+00 -1.000000000000000000e+00
3.947945866990615468e+04 -1.000000000000000000e+00 -1.000000000000000000e+00
3.966715223368701118e+04 -1.000000000000000000e+00 -1.000000000000000000e+00
3.985573813173666713e+04 -1.000000000000000000e+00 -1.000000000000000000e+00
4.004522060639791744e+04 -1.000000000000000000e+00 -1.000000000000000000e+00
4.023560392018267885e+04 -1.000000000000000000e+00 -1.000000000000000000e+00
4.042689235586760333e+04 -1.000000000000000000e+00 -1.000000000000000000e+00
4.061909021659059363e+04 -1.000000000000000000e+00 -1.000000000000000000e+00
4.081220182594757352e+04 -1.000000000000000000e+00 -1.000000000000000000e+00
4.100623152808968734e+04 -1.000000000000000000e+00 -1.000000000000000000e+00
4.120118368782121979e+04 -1.000000000000000000e+00 -1.000000000000000000e+00
4.139706269069750851e+04 -1.000000000000000000e+00 -1.000000000000000000e+00
4.159387294312376616e+04 -1.000000000000000000e+00 -1.000000000000000000e+00
4.179161887245419348e+04 -1.000000000000000000e+00 -1.000000000000000000e+00
4.199030492709150712e+04 -1.000000000000000000e+00 -1.000000000000000000e+00
4.218993557658716600e+04 -1.000000000000000000e+00 -1.000000000000000000e+00
4.239051531174170668e+04 -1.000000000000000000e+00 -1.000000000000000000e+00
4.259204864470587927e+04 -1.000000000000000000e+00 -1.000000000000000000e+00
4.279454010908216151e+04 -1.000000000000000000e+00 -1.000000000000000000e+00
4.299799426002667315e+04 -1.000000000000000000e+00 -1.000000000000000000e+00
4.320241567435181059e+04 -1.000000000000000000e+00 -1.000000000000000000e+00
4.340780895062897616e+04 -1.000000000000000000e+00 -1.000000000000000000e+00
4.361417870929216588e+04 -1.000000000000000000e+00 -1.000000000000000000e+00
4.382152959274189197e+04 -1.000000000000000000e+00 -1.000000000000000000e+00
4.402986626544956380e+04 -1.000000000000000000e+00 -1.000000000000000000e+00
4.423919341406256717e+04 -1.000000000000000000e+00 -1.000000000000000000e+00
4.444951574750948930e+04 -1.000000000000000000e+00 -1.000000000000000000e+00
4.466083799710610765e+04 -1.000000000000000000e+00 -1.000000000000000000e+00
4.487316491666207003e+04 -1.000000000000000000e+00 -1.000000000000000000e+00
4.508650128258728364e+04 -1.000000000000000000e+00 -1.000000000000000000e+00
4.530085189400002855e+04 -1.000000000000000000e+00 -1.000000000000000000e+00
4.551622157283443084e+04 -1.000000000000000000e+00 -1.000000000000000000e+00
4.573261516394905630e+04 -1.000000000000000000e+00 -1.000000000000000000e+00
4.595003753523614432e+04 -1.000000000000000000e+00 -1.000000000000000000e+00
4.616849357773058728e+04 -1.000000000000000000e+00 -1.000000000000000000e+00
4.638798820572059049e+04 -1.000000000000000000e+00 -1.000000000000000000e+00
4.660852635685772111e+04 -1.000000000000000000e+00 -1.000000000000000000e+00
4.683011299226817209e+04 -1.000000000000000000e+00 -1.000000000000000000e+00
4.705275309666455723e+04 -1.000000000000000000e+00 -1.000000000000000000e+00
4.727645167845751712e+04 -1.000000000000000000e+00 -1.000000000000000000e+00
4.750121376986904215e+04 -1.000000000000000000e+00 -1.000000000000000000e+00
4.772704442704517714e+04 -1.000000000000000000e+00 -1.000000000000000000e+00
4.795394873016991914e+04 -1.000000000000000000e+00 -1.000000000000000000e+00
4.818193178357973375e+04 -1.000000000000000000e+00 -1.000000000000000000e+00
4.841099871587781672e+04 -1.000000000000000000e+00 -1.000000000000000000e+00
4.864115468005013099e+04 -1.000000000000000000e+00 -1.000000000000000000e+00
4.887240485358084698e+04 -1.000000000000000000e+00 -1.000000000000000000e+00
4.910475443856893980e+04 -1.000000000000000000e+00 -1.000000000000000000e+00
4.933820866184546321e+04 -1.000000000000000000e+00 -1.000000000000000000e+00
4.957277277509056148e+04 -1.000000000000000000e+00 -1.000000000000000000e+00
4.980845205495231494e+04 -1.000000000000000000e+00 -1.000000000000000000e+00
5.004525180316487240e+04 -1.000000000000000000e+00 -1.000000000000000000e+00
5.028317734666792967e+04 -1.000000000000000000e+00 -1.000000000000000000e+00
5.052223403772679012e+04 -1.000000000000000000e+00 -1.000000000000000000e+00
5.076242725405216333e+04 -1.000000000000000000e+00 -1.000000000000000000e+00
5.100376239892186277e+04 -1.000000000000000000e+00 -1.000000000000000000e+00
5.124624490130184131e+04 -1.000000000000000000e+00 -1.000000000000000000e+00
5.148988021596843464e+04 -1.000000000000000000e+00 -1.000000000000000000e+00
5.173467382363137585e+04 -1.000000000000000000e+00 -1.000000000000000000e+00
5.198063123105644627e+04 -1.000000000000000000e+00 -1.000000000000000000e+00
5.222775797119011258e+04 -1.000000000000000000e+00 -1.000000000000000000e+00
5.247605960328337824e+04 -1.000000000000000000e+00 -1.000000000000000000e+00
5.272554171301712631e+04 -1.000000000000000000e+00 -1.000000000000000000e+00
5.297620991262792813e+04 -1.000000000000000000e+00 -1.000000000000000000e+00
5.322806984103371360e+04 -1.000000000000000000e+00 -1.000000000000000000e+00
5.348112716396137694e+04 -1.000000000000000000e+00 -1.000000000000000000e+00
5.373538757407364756e+04 -1.000000000000000000e+00 -1.000000000000000000e+00
5.399085679109736520e+04 -1.000000000000000000e+00 -1.000000000000000000e+00
5.424754056195235171e+04 -1.000000000000000000e+00 -1.000000000000000000e+00
5.450544466088008630e+04 -1.000000000000000000e+00 -1.000000000000000000e+00
5.476457488957440364e+04 -1.000000000000000000e+00 -1.000000000000000000e+00
5.502493707731136237e+04 -1.000000000000000000e+00 -1.000000000000000000e+00
5.528653708108061255e+04 -1.000000000000000000e+00 -1.000000000000000000e+00
5.554938078571738151e+04 -1.000000000000000000e+00 -1.000000000000000000e+00
5.581347410403424146e+04 -1.000000000000000000e+00 -1.000000000000000000e+00
5.607882297695488523e+04 -1.000000000000000000e+00 -1.000000000000000000e+00
5.634543337364715990e+04 -1.000000000000000000e+00 -1.000000000000000000e+00
5.661331129165762104e+04 -1.000000000000000000e+00 -1.000000000000000000e+00
5.688246275704658910e+04 -1.000000000000000000e+00 -1.000000000000000000e+00
5.715289382452314749e+04 -1.000000000000000000e+00 -1.000000000000000000e+00
5.742461057758212701e+04 -1.000000000000000000e+00 -1.000000000000000000e+00
5.769761912864035548e+04 -1.000000000000000000e+00 -1.000000000000000000e+00
5.797192561917431885e+04 -1.000000000000000000e+00 -1.000000000000000000e+00
5.824753621985854988e+04 -1.000000000000000000e+00 -1.000000000000000000e+00
5.852445713070410420e+04 -1.000000000000000000e+00 -1.000000000000000000e+00
5.880269458119819319e+04 -1.000000000000000000e+00 -1.000000000000000000e+00
5.908225483044434804e+04 -1.000000000000000000e+00 -1.000000000000000000e+00
5.936314416730308585e+04 -1.000000000000000000e+00 -1.000000000000000000e+00
5.964536891053371073e+04 -1.000000000000000000e+00 -1.000000000000000000e+00
5.992893540893595491e+04 -1.000000000000000000e+00 -1.000000000000000000e+00
6.021385004149321321e+04 -1.000000000000000000e+00 -1.000000000000000000e+00
6.050011921751585032e+04 -1.000000000000000000e+00 -1.000000000000000000e+00
6.078774937678536662e+04 -1.000000000000000000e+00 -1.000000000000000000e+00
6.107674698969953897e+04 -1.000000000000000000e+00 -1.000000000000000000e+00
6.136711855741751788e+04 -1.000000000000000000e+00 -1.000000000000000000e+00
6.165887061200645257e+04 -1.000000000000000000e+00 -1.000000000000000000e+00
6.195200971658823255e+04 -1.000000000000000000e+00 -1.000000000000000000e+00
6.224654246548718947e+04 -1.000000000000000000e+00 -1.000000000000000000e+00
6.254247548437858495e+04 -1.000000000000000000e+00 -1.000000000000000000e+00
6.283981543043736019e+04 -1.000000000000000000e+00 -1.000000000000000000e+00
6.313856899248811533e+04 -1.000000000000000000e+00 -1.000000000000000000e+00
6.343874289115549618e+04 -1.000000000000000000e+00 -1.000000000000000000e+00
6.374034387901534501e+04 -1.000000000000000000e+00 -1.000000000000000000e+00
6.404337874074683350e+04 -1.000000000000000000e+00 -1.000000000000000000e+00
6.434785429328476312e+04 -1.000000000000000000e+00 -1.000000000000000000e+00
6.465377738597299322e+04 -1.000000000000000000e+00 -1.000000000000000000e+00
6.496115490071890963e+04 -1.000000000000000000e+00 -1.000000000000000000e+00
6.526999375214742759e+04 -1.000000000000000000e+00 -1.000000000000000000e+00
6.558030088775749027e+04 -1.000000000000000000e+00 -1.000000000000000000e+00
6.589208328807765793e+04 -1.000000000000000000e+00 -1.000000000000000000e+00
6.620534796682333399e+04 -1.000000000000000000e+00 -1.000000000000000000e+00
6.652010197105488623e+04 -1.000000000000000000e+00 -1.000000000000000000e+00
6.683635238133539679e+04 -1.000000000000000000e+00 -1.000000000000000000e+00
6.715410631189089327e+04 -1.000000000000000000e+00 -1.000000000000000000e+00
6.747337091076961951e+04 -1.000000000000000000e+00 -1.000000000000000000e+00
6.779415336000316893e+04 -1.000000000000000000e+00 -1.000000000000000000e+00
6.811646087576824357e+04 -1.000000000000000000e+00 -1.000000000000000000e+00
6.844030070854829683e+04 -1.000000000000000000e+00 -1.000000000000000000e+00
6.876568014329754806e+04 -1.000000000000000000e+00 -1.000000000000000000e+00
6.909260649960415321e+04 -1.000000000000000000e+00 -1.000000000000000000e+00
6.942108713185510715e+04 -1.000000000000000000e+00 -1.000000000000000000e+00
6.975112942940196081e+04 -1.000000000000000000e+00 -1.000000000000000000e+00
7.008274081672629109e+04 -1.000000000000000000e+00 -1.000000000000000000e+00
7.041592875360770267e+04 -1.000000000000000000e+00 -1.000000000000000000e+00
7.075070073529088404e+04 -1.000000000000000000e+00 -1.000000000000000000e+00
7.108706429265442421e+04 -1.000000000000000000e+00 -1.000000000000000000e+00
7.142502699238060450e+04 -1.000000000000000000e+00 -1.000000000000000000e+00
7.176459643712476827e+04 -1.000000000000000000e+00 -1.000000000000000000e+00
7.210578026568741188e+04 -1.000000000000000000e+00 -1.000000000000000000e+00
7.244858615318509692e+04 -1.000000000000000000e+00 -1.000000000000000000e+00
7.279302181122358888e+04 -1.000000000000000000e+00 -1.000000000000000000e+00
7.313909498807147611e+04 -1.000000000000000000e+00 -1.000000000000000000e+00
7.348681346883368678e+04 -1.000000000000000000e+00 -1.000000000000000000e+00
7.383618507562774175e+04 -1.000000000000000000e+00 -1.000000000000000000e+00
7.418721766775877040e+04 -1.000000000000000000e+00 -1.000000000000000000e+00
7.453991914189672389e+04 -1.000000000000000000e+00 -1.000000000000000000e+00
7.489429743225425773e+04 -1.000000000000000000e+00 -1.000000000000000000e+00
7.525036051076438162e+04 -1.000000000000000000e+00 -1.000000000000000000e+00
7.560811638726088859e+04 -1.000000000000000000e+00 -1.000000000000000000e+00
7.596757310965763463e+04 -1.000000000000000000e+00 -1.000000000000000000e+00
7.632873876412998652e+04 -1.000000000000000000e+00 -1.000000000000000000e+00
7.669162147529696813e+04 -1.000000000000000000e+00 -1.000000000000000000e+00
7.705622940640318848e+04 -1.000000000000000000e+00 -1.000000000000000000e+00
7.742257075950353465e+04 -1.000000000000000000e+00 -1.000000000000000000e+00
7.779065377564690425e+04 -1.000000000000000000e+00 -1.000000000000000000e+00
7.816048673506182968e+04 -1.000000000000000000e+00 -1.000000000000000000e+00
7.853207795734309184e+04 -1.000000000000000000e+00 -1.000000000000000000e+00
7.890543580163801380e+04 -1.000000000000000000e+00 -1.000000000000000000e+00
7.928056866683556291e+04 -1.000000000000000000e+00 -1.000000000000000000e+00
7.965748499175452162e+04 -1.000000000000000000e+00 -1.000000000000000000e+00
8.003619325533353549e+04 -1.000000000000000000e+00 -1.000000000000000000e+00
8.041670197682217986e+04 -1.000000000000000000e+00 -1.000000000000000000e+00
8.079901971597179363e+04 -1.000000000000000000e+00 -1.000000000000000000e+00
8.118315507322912163e+04 -1.000000000000000000e+00 -1.000000000000000000e+00
8.156911668992886553e+04 -1.000000000000000000e+00 -1.000000000000000000e+00
8.195691324848847580e+04 -1.000000000000000000e+00 -1.000000000000000000e+00
8.234655347260370036e+04 -1.000000000000000000e+00 -1.000000000000000000e+00
8.273804612744403130e+04 -1.000000000000000000e+00 -1.000000000000000000e+00
8.313140001985091658e+04 -1.000000000000000000e+00 -1.000000000000000000e+00
8.352662399853508396e+04 -1.000000000000000000e+00 -1.000000000000000000e+00
8.392372695427584404e+04 -1.000000000000000000e+00 -1.000000000000000000e+00
8.432271782012147014e+04 -1.000000000000000000e+00 -1.000000000000000000e+00
8.472360557158921438e+04 -1.000000000000000000e+00 -1.000000000000000000e+00
8.512639922686840873e+04 -1.000000000000000000e+00 -1.000000000000000000e+00
8.553110784702235833e+04 -1.000000000000000000e+00 -1.000000000000000000e+00
8.593774053619257757e+04 -1.000000000000000000e+00 -1.000000000000000000e+00
8.634630644180384115e+04 -1.000000000000000000e+00 -1.000000000000000000e+00
8.675681475476936612e+04 -1.000000000000000000e+00 -1.000000000000000000e+00
8.716927470969804563e+04 -1.000000000000000000e+00 -1.000000000000000000e+00
8.758369558510197385e+04 -1.000000000000000000e+00 -1.000000000000000000e+00
8.800008670360512042e+04 -1.000000000000000000e+00 -1.000000000000000000e+00
8.841845743215350376e+04 -1.000000000000000000e+00 -1.000000000000000000e+00
8.883881718222516065e+04 -1.000000000000000000e+00 -1.000000000000000000e+00
8.926117541004245868e+04 -1.000000000000000000e+00 -1.000000000000000000e+00
8.968554161678452510e+04 -1.000000000000000000e+00 -1.000000000000000000e+00
9.011192534880105813e+04 -1.000000000000000000e+00 -1.000000000000000000e+00
9.054033619782728783e+04 -1.000000000000000000e+00 -1.000000000000000000e+00
9.097078380119934445e+04 -1.000000000000000000e+00 -1.000000000000000000e+00
9.140327784207128570e+04 -1.000000000000000000e+00 -1.000000000000000000e+00
9.183782804963295348e+04 -1.000000000000000000e+00 -1.000000000000000000e+00
9.227444419932864548e+04 -1.000000000000000000e+00 -1.000000000000000000e+00
9.271313611307748943e+04 -1.000000000000000000e+00 -1.000000000000000000e+00
9.315391365949374449e+04 -1.000000000000000000e+00 -1.000000000000000000e+00
9.359678675410909636e+04 -1.000000000000000000e+00 -1.000000000000000000e+00
9.404176535959616012e+04 -1.000000000000000000e+00 -1.000000000000000000e+00
9.448885948599147378e+04 -1.000000000000000000e+00 -1.000000000000000000e+00
9.493807919092204247e+04 -1.000000000000000000e+00 -1.000000000000000000e+00
9.538943457983055850e+04 -1.000000000000000000e+00 -1.000000000000000000e+00
9.584293580620306602e+04 -1.000000000000000000e+00 -1.000000000000000000e+00
9.629859307179778989e+04 -1.000000000000000000e+00 -1.000000000000000000e+00
9.675641662687358621e+04 -1.000000000000000000e+00 -1.000000000000000000e+00
9.721641677042179799e+04 -1.000000000000000000e+00 -1.000000000000000000e+00
9.767860385039699031e+04 -1.000000000000000000e+00 -1.000000000000000000e+00
9.814298826395001379e+04 -1.000000000000000000e+00 -1.000000000000000000e+00
9.860958045766236319e+04 -1.000000000000000000e+00 -1.000000000000000000e+00
9.907839092778002669e+04 -1.000000000000000000e+00 -1.000000000000000000e+00
9.954943022045104590e+04 -1.000000000000000000e+00 -1.000000000000000000e+00
1.000227089319616643e+05 -1.000000000000000000e+00 -1.000000000000000000e+00
1.004982377089751535e+05 -1.000000000000000000e+00 -1.000000000000000000e+00
1.009760272487711190e+05 -1.000000000000000000e+00 -1.000000000000000000e+00
1.014560882994866261e+05 -1.000000000000000000e+00 -1.000000000000000000e+00
1.019384316603572515e+05 -1.000000000000000000e+00 -1.000000000000000000e+00
1.024230681819605234e+05 -1.000000000000000000e+00 -1.000000000000000000e+00
1.029100087664598686e+05 -1.000000000000000000e+00 -1.000000000000000000e+00
1.033992643678497261e+05 -1.000000000000000000e+00 -1.000000000000000000e+00
1.038908459922025067e+05 -1.000000000000000000e+00 -1.000000000000000000e+00
1.043847646979153506e+05 -1.000000000000000000e+00 -1.000000000000000000e+00
1.048810315959595318e+05 -1.000000000000000000e+00 -1.000000000000000000e+00
1.053796578501301119e+05 -1.000000000000000000e+00 -1.000000000000000000e+00
1.058806546772971051e+05 -1.000000000000000000e+00 -1.000000000000000000e+00
1.063840333476581727e+05 -1.000000000000000000e+00 -1.000000000000000000e+00
1.068898051849914918e+05 -1.000000000000000000e+00 -1.000000000000000000e+00
1.073979815669109521e+05 -1.000000000000000000e+00 -1.000000000000000000e+00
1.079085739251220366e+05 -1.000000000000000000e+00 -1.000000000000000000e+00
1.084215937456787506e+05 -1.000000000000000000e+00 -1.000000000000000000e+00
1.089370525692425726e+05 -1.000000000000000000e+00 -1.000000000000000000e+00
1.094549619913413335e+05 -1.000000000000000000e+00 -1.000000000000000000e+00
1.099753336626305536e+05 -1.000000000000000000e+00 -1.000000000000000000e+00
1.104981792891553487e+05 -1.000000000000000000e+00 -1.000000000000000000e+00
1.110235106326137757e+05 -1.000000000000000000e+00 -1.000000000000000000e+00
1.115513395106216922e+05 -1.000000000000000000e+00 -1.000000000000000000e+00
1.120816777969780960e+05 -1.000000000000000000e+00 -1.000000000000000000e+00
1.126145374219325895e+05 -1.000000000000000000e+00 -1.000000000000000000e+00
1.131499303724536439e+05 -1.000000000000000000e+00 -1.000000000000000000e+00
1.136878686924981594e+05 -1.000000000000000000e+00 -1.000000000000000000e+00
1.142283644832829013e+05 -1.000000000000000000e+00 -1.000000000000000000e+00
1.147714299035559816e+05 -1.000000000000000000e+00 -1.000000000000000000e+00
1.153170771698707831e+05 -1.000000000000000000e+00 -1.000000000000000000e+00
1.158653185568607878e+05 -1.000000000000000000e+00 -1.000000000000000000e+00
1.164161663975155534e+05 -1.000000000000000000e+00 -1.000000000000000000e+00
1.169696330834584951e+05 -1.000000000000000000e+00 -1.000000000000000000e+00
1.175257310652251181e+05 -1.000000000000000000e+00 -1.000000000000000000e+00
1.180844728525434039e+05 -1.000000000000000000e+00 -1.000000000000000000e+00
1.186458710146151570e+05 -1.000000000000000000e+00 -1.000000000000000000e+00
1.192099381803990400e+05 -1.000000000000000000e+00 -1.000000000000000000e+00
1.197766870388941607e+05 -1.000000000000000000e+00 -1.000000000000000000e+00
1.203461303394257993e+05 -1.000000000000000000e+00 -1.000000000000000000e+00
1.209182808919322415e+05 -1.000000000000000000e+00 -1.000000000000000000e+00
1.214931515672527312e+05 -1.000000000000000000e+00 -1.000000000000000000e+00
1.220707552974175196e+05 -1.000000000000000000e+00 -1.000000000000000000e+00
1.226511050759381033e+05 -1.000000000000000000e+00 -1.000000000000000000e+00
1.232342139580999356e+05 -1.000000000000000000e+00 -1.000000000000000000e+00
1.238200950612559827e+05 -1.000000000000000000e+00 -1.000000000000000000e+00
1.244087615651217347e+05 -1.000000000000000000e+00 -1.000000000000000000e+00
1.250002267120721808e+05 -1.000000000000000000e+00 -1.000000000000000000e+00
1.255945038074389158e+05 -1.000000000000000000e+00 -1.000000000000000000e+00
1.261916062198100262e+05 -1.000000000000000000e+00 -1.000000000000000000e+00
1.267915473813305725e+05 -1.000000000000000000e+00 -1.000000000000000000e+00
1.273943407880047744e+05 -1.000000000000000000e+00 -1.000000000000000000e+00
1.279999999999999854e+05 -1.000000000000000000e+00 -1.000000000000000000e+00
