1.000000000000000114e+03 -1.000000000000000000e+00 -1.000000000000000000e+00
1.004754208140241872e+03 -1.000000000000000000e+00 -1.000000000000000000e+00
1.009531018775526604e+03 -1.000000000000000000e+00 -1.000000000000000000e+00
1.014330539362816126e+03 -1.000000000000000000e+00 -1.000000000000000000e+00
1.019152877869952704e+03 -1.000000000000000000e+00 -1.000000000000000000e+00
1.023998142778073088e+03 -1.000000000000000000e+00 -1.000000000000000000e+00
1.028866443084061075e+03 -1.000000000000000000e+00 -1.000000000000000000e+00
1.033757888302995525e+03 -1.000000000000000000e+00 -1.000000000000000000e+00
1.038672588470604751e+03 -1.000000000000000000e+00 -1.000000000000000000e+00
1.043610654145760009e+03 -1.000000000000000000e+00 -1.000000000000000000e+00
1.048572196412942958e+03 -1.000000000000000000e+00 -1.000000000000000000e+00
1.053557326884760869e+03 -1.000000000000000000e+00 -1.000000000000000000e+00
1.058566157704450006e+03 -1.000000000000000000e+00 -1.000000000000000000e+00
1.063598801548392885e+03 -1.000000000000000000e+00 -1.000000000000000000e+00
1.068655371628668036e+03 -1.000000000000000000e+00 -1.000000000000000000e+00
1.073735981695578403e+03 -1.000000000000000000e+00 -1.000000000000000000e+00
1.078840746040226122e+03 -1.000000000000000000e+00 -1.000000000000000000e+00
1.083969779497077525e+03 -1.000000000000000000e+00 -1.000000000000000000e+00
1.089123197446538825e+03 -1.000000000000000000e+00 -1.000000000000000000e+00
1.094301115817567734e+03 -1.000000000000000000e+00 -1.000000000000000000e+00
1.099503651090263475e+03 -1.000000000000000000e+00 -1.000000000000000000e+00
1.104730920298502497e+03 -1.000000000000000000e+00 -1.000000000000000000e+00
1.109983041032564870e+03 -1.000000000000000000e+00 -1.000000000000000000e+00
1.115260131441772273e+03 -1.000000000000000000e+00 -1.000000000000000000e+00
1.120562310237162365e+03 -1.000000000000000000e+00 -1.000000000000000000e+00
1.125889696694140184e+03 -1.000000000000000000e+00 -1.000000000000000000e+00
1.131242410655177991e+03 -1.000000000000000000e+00 -1.000000000000000000e+00
1.136620572532504184e+03 -1.000000000000000000e+00 -1.000000000000000000e+00
1.142024303310804498e+03 -1.000000000000000000e+00 -1.000000000000000000e+00
1.147453724549961180e+03 -1.000000000000000000e+00 -1.000000000000000000e+00
1.152908958387767598e+03 -1.000000000000000000e+00 -1.000000000000000000e+00
1.158390127542692653e+03 -1.000000000000000000e+00 -1.000000000000000000e+00
1.163897355316634275e+03 -1.000000000000000000e+00 -1.000000000000000000e+00
1.169430765597686559e+03 -1.000000000000000000e+00 -1.000000000000000000e+00
1.174990482862943054e+03 -1.000000000000000000e+00 -1.000000000000000000e+00
1.180576632181276636e+03 -1.000000000000000000e+00 -1.000000000000000000e+00
1.186189339216172357e+03 -1.000000000000000000e+00 -1.000000000000000000e+00
1.191828730228544600e+03 -1.000000000000000000e+00 -1.000000000000000000e+00
1.197494932079571299e+03 -1.000000000000000000e+00 -1.000000000000000000e+00
1.203188072233562480e+03 -1.000000000000000000e+00 -1.000000000000000000e+00
1.208908278760819712e+03 -1.000000000000000000e+00 -1.000000000000000000e+00
1.214655680340510116e+03 -1.000000000000000000e+00 -1.000000000000000000e+00
1.220430406263578789e+03 -1.000000000000000000e+00 -1.000000000000000000e+00
1.226232586435635767e+03 -1.000000000000000000e+00 -1.000000000000000000e+00
1.232062351379898018e+03 -1.000000000000000000e+00 -1.000000000000000000e+00
1.237919832240116421e+03 -1.000000000000000000e+00 -1.000000000000000000e+00
1.243805160783519341e+03 -1.000000000000000000e+00 -1.000000000000000000e+00
1.249718469403793961e+03 -1.000000000000000000e+00 -1.000000000000000000e+00
1.255659891124043952e+03 -1.000000000000000000e+00 -1.000000000000000000e+00
1.261629559599801269e+03 -1.000000000000000000e+00 -1.000000000000000000e+00
1.267627609122023159e+03 -1.000000000000000000e+00 -1.000000000000000000e+00
1.273654174620106460e+03 -1.000000000000000000e+00 -1.000000000000000000e+00
1.279709391664940995e+03 -1.000000000000000000e+00 -1.000000000000000000e+00
1.285793396471938649e+03 -1.000000000000000000e+00 -1.000000000000000000e+00
1.291906325904114738e+03 -1.000000000000000000e+00 -1.000000000000000000e+00
1.298048317475160957e+03 -1.000000000000000000e+00 -1.000000000000000000e+00
1.304219509352528576e+03 -1.000000000000000000e+00 -1.000000000000000000e+00
1.310420040360557323e+03 -1.000000000000000000e+00 -1.000000000000000000e+00
1.316650049983575627e+03 -1.000000000000000000e+00 -1.000000000000000000e+00
1.322909678369057474e+03 -1.000000000000000000e+00 -1.000000000000000000e+00
1.329199066330767209e+03 -1.000000000000000000e+00 -1.000000000000000000e+00
1.335518355351918899e+03 -1.000000000000000000e+00 -1.000000000000000000e+00
1.341867687588378203e+03 -1.000000000000000000e+00 -1.000000000000000000e+00
1.348247205871838560e+03 -1.000000000000000000e+00 -1.000000000000000000e+00
1.354657053713052846e+03 -1.000000000000000000e+00 -1.000000000000000000e+00
1.361097375305054356e+03 -1.000000000000000000e+00 -1.000000000000000000e+00
1.367568315526391643e+03 -1.000000000000000000e+00 -1.000000000000000000e+00
1.374070019944406795e+03 -1.000000000000000000e+00 -1.000000000000000000e+00
1.380602634818489150e+03 -1.000000000000000000e+00 -1.000000000000000000e+00
1.387166307103382678e+03 -1.000000000000000000e+00 -1.000000000000000000e+00
1.393761184452485622e+03 -1.000000000000000000e+00 -1.000000000000000000e+00
1.400387415221162883e+03 -1.000000000000000000e+00 -1.000000000000000000e+00
1.407045148470102504e+03 -1.000000000000000000e+00 -1.000000000000000000e+00
1.413734533968647156e+03 -1.000000000000000000e+00 -1.000000000000000000e+00
1.420455722198182002e+03 -1.000000000000000000e+00 -1.000000000000000000e+00
1.427208864355512787e+03 -1.000000000000000000e+00 -1.000000000000000000e+00
1.433994112356257119e+03 -1.000000000000000000e+00 -1.000000000000000000e+00
1.440811618838283266e+03 -1.000000000000000000e+00 -1.000000000000000000e+00
1.447661537165119171e+03 -1.000000000000000000e+00 -1.000000000000000000e+00
1.454544021429424674e+03 -1.000000000000000000e+00 -1.000000000000000000e+00
1.461459226456447823e+03 -1.000000000000000000e+00 -1.000000000000000000e+00
1.468407307807498682e+03 -1.000000000000000000e+00 -1.000000000000000000e+00
1.475388421783470903e+03 -1.000000000000000000e+00 -1.000000000000000000e+00
1.482402725428332587e+03 -1.000000000000000000e+00 -1.000000000000000000e+00
1.489450376532680593e+03 -1.000000000000000000e+00 -1.000000000000000000e+00
1.496531533637281882e+03 -1.000000000000000000e+00 -1.000000000000000000e+00
1.503646356036628958e+03 -1.000000000000000000e+00 -1.000000000000000000e+00
1.510795003782546473e+03 -1.000000000000000000e+00 -1.000000000000000000e+00
1.517977637687766219e+03 -1.000000000000000000e+00 -1.000000000000000000e+00
1.525194419329566699e+03 -1.000000000000000000e+00 -1.000000000000000000e+00
1.532445511053397922e+03 -1.000000000000000000e+00 -1.000000000000000000e+00
1.539731075976525290e+03 -1.000000000000000000e+00 -1.000000000000000000e+00
1.547051277991719417e+03 -1.000000000000000000e+00 -1.000000000000000000e+00
1.554406281770919350e+03 -1.000000000000000000e+00 -1.000000000000000000e+00
1.561796252768958084e+03 -1.000000000000000000e+00 -1.000000000000000000e+00
1.569221357227274666e+03 -1.000000000000000000e+00 -1.000000000000000000e+00
1.576681762177646078e+03 -1.000000000000000000e+00 -1.000000000000000000e+00
1.584177635445965279e+03 -1.000000000000000000e+00 -1.000000000000000000e+00
1.591709145655991506e+03 -1.000000000000000000e+00 -1.000000000000000000e+00
1.599276462233166967e+03 -1.000000000000000000e+00 -1.000000000000000000e+00
1.606879755408416486e+03 -1.000000000000000000e+00 -1.000000000000000000e+00
1.614519196221969196e+03 -1.000000000000000000e+00 -1.000000000000000000e+00
1.622194956527227760e+03 -1.000000000000000000e+00 -1.000000000000000000e+00
1.629907208994608709e+03 -1.000000000000000000e+00 -1.000000000000000000e+00
1.637656127115449863e+03 -1.000000000000000000e+00 -1.000000000000000000e+00
1.645441885205902963e+03 -1.000000000000000000e+00 -1.000000000000000000e+00
1.653264658410843595e+03 -1.000000000000000000e+00 -1.000000000000000000e+00
1.661124622707838398e+03 -1.000000000000000000e+00 -1.000000000000000000e+00
1.669021954911072044e+03 -1.000000000000000000e+00 -1.000000000000000000e+00
1.676956832675352871e+03 -1.000000000000000000e+00 -1.000000000000000000e+00
1.684929434500095567e+03 -1.000000000000000000e+00 -1.000000000000000000e+00
1.692939939733329311e+03 -1.000000000000000000e+00 -1.000000000000000000e+00
1.700988528575750252e+03 -1.000000000000000000e+00 -1.000000000000000000e+00
1.709075382084766716e+03 -1.000000000000000000e+00 -1.000000000000000000e+00
1.717200682178561237e+03 -1.000000000000000000e+00 -1.000000000000000000e+00
1.725364611640206931e+03 -1.000000000000000000e+00 -1.000000000000000000e+00
1.733567354121752260e+03 -1.000000000000000000e+00 -1.000000000000000000e+00
1.741809094148379017e+03 -1.000000000000000000e+00 -1.000000000000000000e+00
1.750090017122526888e+03 -1.000000000000000000e+00 -1.000000000000000000e+00
1.758410309328086669e+03 -1.000000000000000000e+00 -1.000000000000000000e+00
1.766770157934583267e+03 -1.000000000000000000e+00 -1.000000000000000000e+00
1.775169751001372333e+03 -1.000000000000000000e+00 -1.000000000000000000e+00
1.783609277481894424e+03 -1.000000000000000000e+00 -1.000000000000000000e+00
1.792088927227913473e+03 -1.000000000000000000e+00 -1.000000000000000000e+00
1.800608890993777777e+03 -1.000000000000000000e+00 -1.000000000000000000e+00
1.809169360440736227e+03 -1.000000000000000000e+00 -1.000000000000000000e+00
1.817770528141219984e+03 -1.000000000000000000e+00 -1.000000000000000000e+00
1.826412587583204640e+03 -1.000000000000000000e+00 -1.000000000000000000e+00
1.835095733174532825e+03 -1.000000000000000000e+00 -1.000000000000000000e+00
1.843820160247314561e+03 -1.000000000000000000e+00 -1.000000000000000000e+00
1.852586065062308080e+03 -1.000000000000000000e+00 -1.000000000000000000e+00
1.861393644813326091e+03 -1.000000000000000000e+00 -1.000000000000000000e+00
1.870243097631692308e+03 -1.000000000000000000e+00 -1.000000000000000000e+00
1.879134622590687968e+03 -1.000000000000000000e+00 -1.000000000000000000e+00
1.888068419710018816e+03 -1.000000000000000000e+00 -1.000000000000000000e+00
1.897044689960342112e+03 -1.000000000000000000e+00 -1.000000000000000000e+00
1.906063635267754307e+03 -1.000000000000000000e+00 -1.000000000000000000e+00
1.915125458518363303e+03 -1.000000000000000000e+00 -1.000000000000000000e+00
1.924230363562840012e+03 -1.000000000000000000e+00 -1.000000000000000000e+00
1.933378555220990847e+03 -1.000000000000000000e+00 -1.000000000000000000e+00
1.942570239286395918e+03 -1.000000000000000000e+00 -1.000000000000000000e+00
1.951805622531002655e+03 -1.000000000000000000e+00 -1.000000000000000000e+00
1.961084912709809714e+03 -1.000000000000000000e+00 -1.000000000000000000e+00
1.970408318565524269e+03 -1.000000000000000000e+00 -1.000000000000000000e+00
1.979776049833248862e+03 -1.000000000000000000e+00 -1.000000000000000000e+00
1.989188317245226017e+03 -1.000000000000000000e+00 -1.000000000000000000e+00
1.998645332535547595e+03 -1.000000000000000000e+00 -1.000000000000000000e+00
2.008147308444944656e+03 -1.000000000000000000e+00 -1.000000000000000000e+00
2.017694458725562754e+03 -1.000000000000000000e+00 -1.000000000000000000e+00
2.027286998145756570e+03 -1.000000000000000000e+00 -1.000000000000000000e+00
2.036925142494952297e+03 -1.000000000000000000e+00 -1.000000000000000000e+00
2.046609108588465006e+03 -1.000000000000000000e+00 -1.000000000000000000e+00
2.056339114272409461e+03 -1.000000000000000000e+00 -1.000000000000000000e+00
2.066115378428585700e+03 -1.000000000000000000e+00 -1.000000000000000000e+00
2.075938120979389623e+03 -1.000000000000000000e+00 -1.000000000000000000e+00
2.085807562892792703e+03 -1.000000000000000000e+00 -1.000000000000000000e+00
2.095723926187275993e+03 -1.000000000000000000e+00 -1.000000000000000000e+00
2.105687433936855086e+03 -1.000000000000000000e+00 -1.000000000000000000e+00
2.115698310276087341e+03 -1.000000000000000000e+00 -1.000000000000000000e+00
2.125756780405097743e+03 -1.000000000000000000e+00 -1.000000000000000000e+00
2.135863070594678902e+03 -1.000000000000000000e+00 -1.000000000000000000e+00
2.146017408191341929e+03 -1.000000000000000000e+00 -1.000000000000000000e+00
2.156220021622466447e+03 -1.000000000000000000e+00 -1.000000000000000000e+00
2.166471140401420598e+03 -1.000000000000000000e+00 -1.000000000000000000e+00
2.176770995132716507e+03 -1.000000000000000000e+00 -1.000000000000000000e+00
2.187119817517223510e+03 -1.000000000000000000e+00 -1.000000000000000000e+00
2.197517840357348177e+03 -1.000000000000000000e+00 -1.000000000000000000e+00
2.207965297562302112e+03 -1.000000000000000000e+00 -1.000000000000000000e+00
2.218462424153348820e+03 -1.000000000000000000e+00 -1.000000000000000000e+00
2.229009456269079692e+03 -1.000000000000000000e+00 -1.000000000000000000e+00
2.239606631170755008e+03 -1.000000000000000000e+00 -1.000000000000000000e+00
2.250254187247606751e+03 -1.000000000000000000e+00 -1.000000000000000000e+00
2.260952364022232814e+03 -1.000000000000000000e+00 -1.000000000000000000e+00
2.271701402155971209e+03 -1.000000000000000000e+00 -1.000000000000000000e+00
2.282501543454300190e+03 -1.000000000000000000e+00 -1.000000000000000000e+00
2.293353030872310228e+03 -1.000000000000000000e+00 -1.000000000000000000e+00
2.304256108520131420e+03 -1.000000000000000000e+00 -1.000000000000000000e+00
2.315211021668460489e+03 -1.000000000000000000e+00 -1.000000000000000000e+00
2.326218016754059136e+03 -1.000000000000000000e+00 -1.000000000000000000e+00
2.337277341385288310e+03 -1.000000000000000000e+00 -1.000000000000000000e+00
2.348389244347710246e+03 -1.000000000000000000e+00 -1.000000000000000000e+00
2.359553975609644567e+03 -1.000000000000000000e+00 -1.000000000000000000e+00
2.370771786327828522e+03 -1.000000000000000000e+00 -1.000000000000000000e+00
2.382042928853049034e+03 -1.000000000000000000e+00 -1.000000000000000000e+00
2.393367656735807941e+03 -1.000000000000000000e+00 -1.000000000000000000e+00
2.404746224732052724e+03 -1.000000000000000000e+00 -1.000000000000000000e+00
2.416178888808894953e+03 -1.000000000000000000e+00 -1.000000000000000000e+00
2.427665906150351020e+03 -1.000000000000000000e+00 -1.000000000000000000e+00
2.439207535163163811e+03 -1.000000000000000000e+00 -1.000000000000000000e+00
2.450804035482576182e+03 -1.000000000000000000e+00 -1.000000000000000000e+00
2.462455667978209931e+03 -1.000000000000000000e+00 -1.000000000000000000e+00
2.474162694759897022e+03 -1.000000000000000000e+00 -1.000000000000000000e+00
2.485925379183607220e+03 -1.000000000000000000e+00 -1.000000000000000000e+00
2.497743985857361167e+03 -1.000000000000000000e+00 -1.000000000000000000e+00
2.509618780647164840e+03 -1.000000000000000000e+00 -1.000000000000000000e+00
2.521550030683021305e+03 -1.000000000000000000e+00 -1.000000000000000000e+00
2.533538004364927019e+03 -1.000000000000000000e+00 -1.000000000000000000e+00
2.545582971368891322e+03 -1.000000000000000000e+00 -1.000000000000000000e+00
2.557685202653039596e+03 -1.000000000000000000e+00 -1.000000000000000000e+00
2.569844970463668687e+03 -1.000000000000000000e+00 -1.000000000000000000e+00
2.582062548341412366e+03 -1.000000000000000000e+00 -1.000000000000000000e+00
2.594338211127350860e+03 -1.000000000000000000e+00 -1.000000000000000000e+00
2.606672234969233159e+03 -1.000000000000000000e+00 -1.000000000000000000e+00
2.619064897327671588e+03 -1.000000000000000000e+00 -1.000000000000000000e+00
2.631516476982368658e+03 -1.000000000000000000e+00 -1.000000000000000000e+00
2.644027254038419414e+03 -1.000000000000000000e+00 -1.000000000000000000e+00
2.656597509932595585e+03 -1.000000000000000000e+00 -1.000000000000000000e+00
2.669227527439663845e+03 -1.000000000000000000e+00 -1.000000000000000000e+00
2.681917590678780471e+03 -1.000000000000000000e+00 -1.000000000000000000e+00
2.694667985119843706e+03 -1.000000000000000000e+00 -1.000000000000000000e+00
2.707478997589949813e+03 -1.000000000000000000e+00 -1.000000000000000000e+00
2.720350916279831381e+03 -1.000000000000000000e+00 -1.000000000000000000e+00
2.733284030750323382e+03 -1.000000000000000000e+00 -1.000000000000000000e+00
2.746278631938915623e+03 -1.000000000000000000e+00 -1.000000000000000000e+00
2.759335012166252454e+03 -1.000000000000000000e+00 -1.000000000000000000e+00
2.772453465142747973e+03 -1.000000000000000000e+00 -1.000000000000000000e+00
2.785634285975176681e+03 -1.000000000000000000e+00 -1.000000000000000000e+00
2.798877771173297333e+03 -1.000000000000000000e+00 -1.000000000000000000e+00
2.812184218656556823e+03 -1.000000000000000000e+00 -1.000000000000000000e+00
2.825553927760754050e+03 -1.000000000000000000e+00 -1.000000000000000000e+00
2.838987199244807016e+03 -1.000000000000000000e+00 -1.000000000000000000e+00
2.852484335297504913e+03 -1.000000000000000000e+00 -1.000000000000000000e+00
2.866045639544288861e+03 -1.000000000000000000e+00 -1.000000000000000000e+00
2.879671417054120866e+03 -1.000000000000000000e+00 -1.000000000000000000e+00
2.893361974346301849e+03 -1.000000000000000000e+00 -1.000000000000000000e+00
2.907117619397405178e+03 -1.000000000000000000e+00 -1.000000000000000000e+00
2.920938661648191101e+03 -1.000000000000000000e+00 -1.000000000000000000e+00
2.934825412010546643e+03 -1.000000000000000000e+00 -1.000000000000000000e+00
2.948778182874521917e+03 -1.000000000000000000e+00 -1.000000000000000000e+00
2.962797288115311858e+03 -1.000000000000000000e+00 -1.000000000000000000e+00
2.976883043100356645e+03 -1.000000000000000000e+00 -1.000000000000000000e+00
2.991035764696418028e+03 -1.000000000000000000e+00 -1.000000000000000000e+00
3.005255771276692940e+03 -1.000000000000000000e+00 -1.000000000000000000e+00
3.019543382728011693e+03 -1.000000000000000000e+00 -1.000000000000000000e+00
3.033898920457990698e+03 -1.000000000000000000e+00 -1.000000000000000000e+00
3.048322707402303422e+03 -1.000000000000000000e+00 -1.000000000000000000e+00
3.062815068031926330e+03 -1.000000000000000000e+00 -1.000000000000000000e+00
3.077376328360418483e+03 -1.000000000000000000e+00 -1.000000000000000000e+00
3.092006815951304361e+03 -1.000000000000000000e+00 -1.000000000000000000e+00
3.106706859925383469e+03 -1.000000000000000000e+00 -1.000000000000000000e+00
3.121476790968186378e+03 -1.000000000000000000e+00 -1.000000000000000000e+00
3.136316941337389835e+03 -1.000000000000000000e+00 -1.000000000000000000e+00
3.151227644870275071e+03 -1.000000000000000000e+00 -1.000000000000000000e+00
3.166209236991278885e+03 -1.000000000000000000e+00 -1.000000000000000000e+00
3.181262054719491971e+03 -1.000000000000000000e+00 -1.000000000000000000e+00
3.196386436676282301e+03 -1.000000000000000000e+00 -1.000000000000000000e+00
3.211582723092893957e+03 -1.000000000000000000e+00 -1.000000000000000000e+00
3.226851255818082336e+03 -1.000000000000000000e+00 -1.000000000000000000e+00
3.242192378325849404e+03 -1.000000000000000000e+00 -1.000000000000000000e+00
3.257606435723116192e+03 -1.000000000000000000e+00 -1.000000000000000000e+00
3.273093774757535812e+03 -1.000000000000000000e+00 -1.000000000000000000e+00
3.288654743825269634e+03 5.121923286144864315e-19 3.774301842398785878e-18
3.304289692978808944e+03 3.876359380270254168e-18 2.151277861971205338e-18
3.319998973934893456e+03 -1.000000000000000000e+00 -1.000000000000000000e+00
3.335782940082369350e+03 1.568386097275904209e-18 2.056900575337749062e-18
3.351641946490189639e+03 2.057635970838208079e-18 1.721166719147000567e-18
3.367576349915376341e+03 8.903309827771186714e-19 1.285781410867354452e-18
3.383586508811030399e+03 1.487096469692888748e-19 2.422426377727647529e-18
3.399672783334432552e+03 1.898836113853888876e-19 2.345070012233872505e-18
3.415835535355126467e+03 4.098666318670000919e-19 2.337453613220706424e-18
3.432075128463039619e+03 1.573683972016299792e-18 1.407997400996125228e-18
3.448391927976707848e+03 9.589247125705410833e-19 1.674794586083622105e-18
3.464786300951438989e+03 7.517864692143661955e-19 1.479203928393099182e-18
3.481258616187628377e+03 2.498932810649999868e-20 1.354330811310000039e-17
3.497809244238994779e+03 8.778028336521847981e-19 1.371989484550959031e-18
3.514438557420969573e+03 1.282257138451416996e-18 9.627338417500963198e-19
3.531146929819047273e+03 1.402243681761863612e-18 1.237546815908520185e-18
3.547934737297183347e+03 1.112806898781487606e-18 8.808585593368381915e-19
3.564802357506288899e+03 1.990681553002473671e-18 8.713808634423350683e-19
3.581750169892705799e+03 1.585284568520788149e-18 8.753574703762125767e-19
3.598778555706723182e+03 2.305577518135708920e-18 9.909646351005192728e-19
3.615887898011199013e+03 1.247826319420819989e-18 1.231480101146723845e-18
3.633078581690126157e+03 1.794642060829494630e-18 1.033365049749423788e-18
3.650350993457343520e+03 2.552513065555057578e-18 9.427059100490721276e-19
3.667705521865178980e+03 2.532850883841034685e-18 8.237378307273513462e-19
3.685142557313240104e+03 2.197291270081195331e-18 7.326234757479205793e-19
3.702662492057178497e+03 3.155885430857386328e-18 6.641184279526688064e-19
3.720265720217485068e+03 2.286913678346067589e-18 6.290601122107654292e-19
3.737952637788406719e+03 2.394222462877303707e-18 6.314960049545470324e-19
3.755723642646826647e+03 1.734009046625572781e-18 6.383495087836337739e-19
3.773579134561196952e+03 2.288316773852822143e-18 6.909094613171829420e-19
3.791519515200582646e+03 2.433022304527666598e-18 7.478105071284566912e-19
3.809545188143635642e+03 3.122721402843888460e-18 7.783035310273965788e-19
3.827656558887735173e+03 3.301056209620439991e-18 7.306567233573294852e-19
3.845854034858049999e+03 2.923254326461521207e-18 6.709410227512883864e-19
3.864138025416754317e+03 3.136846618916044219e-18 5.973905274534028849e-19
3.882508941872216383e+03 3.170498346092687501e-18 5.512863300666642738e-19
3.900967197488228067e+03 3.657697545279129781e-18 5.413247399241030785e-19
3.919513207493342634e+03 3.426036706300106717e-18 4.655149745706846352e-19
3.938147389090202068e+03 3.382781675110753249e-18 4.993796753290461523e-19
3.956870161464886223e+03 3.054121667679043044e-18 4.781205092984535095e-19
3.975681945796411583e+03 3.678730241706946993e-18 5.410226017415761487e-19
3.994583165266129981e+03 3.929651771319368131e-18 5.740186069733931206e-19
4.013574245067319225e+03 4.815867692620949313e-18 6.075517622845571577e-19
4.032655612414684128e+03 3.418008611051979371e-18 5.934924583678728170e-19
4.051827696554018530e+03 4.454470281026667413e-18 5.836335631965328870e-19
4.071090928771840936e+03 4.754044579762989663e-18 5.402033899464828715e-19
4.090445742405073815e+03 4.152152297457009965e-18 4.846344118055121083e-19
4.109892572850832948e+03 4.027734394165611932e-18 4.619246680493645275e-19
4.129431857576209040e+03 5.096920324908775505e-18 4.507737731565063632e-19
4.149064036128072075e+03 5.175505080201314809e-18 4.604567816928450918e-19
4.168789550143025735e+03 5.515896095064645931e-18 4.660785346382517682e-19
4.188608843357272235e+03 4.766098178192424724e-18 4.862490211450528719e-19
4.208522361616649505e+03 5.033014680521899523e-18 5.024217858637492309e-19
4.228530552886646547e+03 5.026330970618912045e-18 5.155308600112528182e-19
4.248633867262442436e+03 5.279907082713268821e-18 5.190977384342421177e-19
4.268832756979097212e+03 5.724284773148318006e-18 5.018464925689871121e-19
4.289127676421659089e+03 6.484407610213431224e-18 4.897148651967086663e-19
4.309519082135439930e+03 6.200162997108253075e-18 4.441736956313348245e-19
4.330007432836264343e+03 5.683929383064174088e-18 4.026389546469598374e-19
4.350593189420763338e+03 5.690466515986697710e-18 3.900692345112182040e-19
4.371276814976797141e+03 5.750463796416056357e-18 3.782390014010318614e-19
4.392058774793810699e+03 6.252575830939327563e-18 3.918456708065467680e-19
4.412939536373356532e+03 6.062355963329619883e-18 4.015038201460231618e-19
4.433919569439587576e+03 6.205690493319811891e-18 4.160741928100098868e-19
4.454999345949795497e+03 6.475549232883811621e-18 4.398485058433994042e-19
4.476179340105090887e+03 6.124270723244765373e-18 4.524499260519284198e-19
4.497460028361001605e+03 6.284010520307197265e-18 4.603114636960816294e-19
4.518841889438248472e+03 6.173516237130747841e-18 4.729062189251129656e-19
4.540325404333490951e+03 6.889126538961852398e-18 4.955538694628367874e-19
4.561911056330120118e+03 7.357298697170831403e-18 4.300892049542506455e-19
4.583599331009193520e+03 7.816461044647248995e-18 3.897597746158141473e-19
4.605390716260285444e+03 7.577237088034999300e-18 3.712003326220159476e-19
4.627285702292524547e+03 7.357391346429094296e-18 3.524056408708271562e-19
4.649284781645598741e+03 7.731437367605547966e-18 3.514998075831499755e-19
4.671388449200801006e+03 7.647612114174864412e-18 3.526915062934547045e-19
4.693597202192232544e+03 8.474569318864641500e-18 3.569320983076687085e-19
4.715911540217912261e+03 8.363418596489286604e-18 3.665511982436657981e-19
4.738331965251077236e+03 8.392546118198318634e-18 3.745227265018985454e-19
4.760858981651452268e+03 9.579913623654247065e-18 3.858952012718051212e-19
4.783493096176563085e+03 8.159215862102719923e-18 3.878872148139127932e-19
4.806234817993196884e+03 9.154525794044558205e-18 4.382660551854044638e-19
4.829084658688823765e+03 8.746253694559129901e-18 4.309069569393866895e-19
4.852043132283080013e+03 8.780733911710698438e-18 3.758901097907763509e-19
4.875110755239395075e+03 8.700303612000169897e-18 3.412962253868777352e-19
4.898288046476534873e+03 8.879100410337412912e-18 3.134528706645842156e-19
4.921575527380353378e+03 9.710984137507091930e-18 3.038758111670574230e-19
4.944973721815440513e+03 9.724815779620676657e-18 2.991629803616477128e-19
4.968483156136977414e+03 9.720033269784494602e-18 2.946161625968231353e-19
4.992104359202549858e+03 9.324335061953558278e-18 3.032500968440055955e-19
5.015837862384007167e+03 1.029052115329533514e-17 3.143630454959055055e-19
5.039684199579487540e+03 1.036440624192528962e-17 3.272024541590690648e-19
5.063643907225387011e+03 1.048947817489636323e-17 3.183934022643681656e-19
5.087717524308403881e+03 1.089497337110884180e-17 3.242475291678250213e-19
5.111905592377734138e+03 1.080824997560338976e-17 3.268789712471643113e-19
5.136208655557164093e+03 1.031302760775909779e-17 4.026053285797445630e-19
5.160627260557404952e+03 1.071002612108065069e-17 3.534245544661853931e-19
5.185161956688301871e+03 1.070845476808146522e-17 3.330621063714754834e-19
5.209813295871262198e+03 1.062162770534274334e-17 2.876453101513665113e-19
5.234581832651644618e+03 1.104912042576693698e-17 2.767414799658141504e-19
5.259468124211199211e+03 1.110713674231279871e-17 2.634520541865962708e-19
5.284472730380667599e+03 1.196463954329230923e-17 3.394293140259139003e-19
5.309596213652340339e+03 -1.000000000000000000e+00 -1.000000000000000000e+00
5.334839139192684343e+03 -1.000000000000000000e+00 -1.000000000000000000e+00
5.360202074855125829e+03 -1.000000000000000000e+00 -1.000000000000000000e+00
5.385685591192744141e+03 -1.000000000000000000e+00 -1.000000000000000000e+00
5.411290261471187478e+03 -1.000000000000000000e+00 -1.000000000000000000e+00
5.437016661681485857e+03 -1.000000000000000000e+00 -1.000000000000000000e+00
5.462865370553082357e+03 -1.000000000000000000e+00 -1.000000000000000000e+00
5.488836969566823427e+03 -1.000000000000000000e+00 -1.000000000000000000e+00
5.514932042967998314e+03 -1.000000000000000000e+00 -1.000000000000000000e+00
5.541151177779557656e+03 -1.000000000000000000e+00 -1.000000000000000000e+00
5.567494963815280244e+03 -1.000000000000000000e+00 -1.000000000000000000e+00
5.593963993693007069e+03 -1.000000000000000000e+00 -1.000000000000000000e+00
5.620558862848053650e+03 -1.000000000000000000e+00 -1.000000000000000000e+00
5.647280169546515026e+03 -1.000000000000000000e+00 -1.000000000000000000e+00
5.674128514898810863e+03 1.643669588190000074e-17 2.493569770439829886e-18
5.701104502873122328e+03 1.542847432495629657e-17 5.514937122169198065e-19
5.728208740309051791e+03 1.455364854010364957e-17 7.736415150494470521e-19
5.755441836931246144e+03 1.541240722969705882e-17 6.926220577453919310e-19
5.782804405363072874e+03 1.646972406516449151e-17 5.452865312542225793e-19
5.810297061140477126e+03 1.676785127875869571e-17 4.649175849027721809e-19
5.837920422725786921e+03 1.625410803157409571e-17 4.432986618163759904e-19
5.865675111521594772e+03 1.705039725694748104e-17 5.109947857921650000e-19
5.893561751884816658e+03 1.714390110777071445e-17 5.084157540809053849e-19
5.921580971140646398e+03 1.710003395895035195e-17 4.936132033094417347e-19
5.949733399596757408e+03 1.638366544239503555e-17 5.737566633282904998e-19
5.978019670557388963e+03 1.772098281780422054e-17 4.644858975312212607e-19
6.006440420337679825e+03 1.825458556798111933e-17 4.088571517710456375e-19
6.034996288277939129e+03 1.820075379188541573e-17 3.692761446404049025e-19
6.063687916758000028e+03 1.831501931277777447e-17 3.544105901594128720e-19
6.092515951211737047e+03 1.818947935900758390e-17 3.690746454762975982e-19
6.121481040141554331e+03 1.836536634672551973e-17 3.827946820609658270e-19
6.150583835132932109e+03 1.848016497423013736e-17 4.214861283208515027e-19
6.179824990869174144e+03 1.900466625560340091e-17 4.281976806097232971e-19
6.209205165146034233e+03 1.932429077817973161e-17 3.670510675526072643e-19
6.238725018886603721e+03 1.959793199763040600e-17 3.319654584560124935e-19
6.268385216156138995e+03 1.961488519535369167e-17 3.060381856376588596e-19
6.298186424176960827e+03 1.842340270036800104e-17 3.550813014056740705e-19
6.328129313343556532e+03 1.953209844165466976e-17 3.381631387504338086e-19
6.358214557237558438e+03 1.961407726405629051e-17 3.826651448210368018e-19
6.388442832642982466e+03 1.989792626855329143e-17 3.506922090316561341e-19
6.418814819561416698e+03 2.009828532312614429e-17 3.608009193591025800e-19
6.449331201227280872e+03 2.002020457678104534e-17 3.132761677485941329e-19
6.479992664123285067e+03 1.989613966806493767e-17 2.784831360720714449e-19
6.510799897995768333e+03 2.041466278040129005e-17 2.653601737937519707e-19
6.541753595870306526e+03 2.004139860098128972e-17 2.730452116782251064e-19
6.572854454067261941e+03 2.024739409491217773e-17 2.720610579024266527e-19
6.604103172217414794e+03 1.993727512639808978e-17 2.852755869660474128e-19
6.635500453277782071e+03 1.984665572843607629e-17 2.583226674400002883e-19
6.667047003547335407e+03 2.141449271546603579e-17 3.164373042597842615e-19
6.698743532682974546e+03 2.122998944154905542e-17 2.792826817221610609e-19
6.730590753715463507e+03 2.146341798090000097e-17 2.463430272467157718e-19
6.762589383065413131e+03 2.136360235868437767e-17 2.288212034739279151e-19
6.794740140559511929e+03 2.178622461987777763e-17 2.200437336430140570e-19
6.827043749446587753e+03 2.185296638394876879e-17 2.471050116458232871e-19
6.859500936413994168e+03 2.143735612942147185e-17 2.492755838616931849e-19
6.892112431603904042e+03 2.248194237240914319e-17 2.555897067926813851e-19
6.924878968629698647e+03 2.225265383973272237e-17 2.403614757748827931e-19
6.957801284592562297e+03 2.321219196005030389e-17 2.792519666028997071e-19
6.990880120097957843e+03 2.379506346596927002e-17 2.344317088364317565e-19
7.024116219272383205e+03 2.398442899363473041e-17 2.105683145723042070e-19
7.057510329780066968e+03 2.439368697678154484e-17 1.969113728492023476e-19
7.091063202839749465e+03 2.496374407724106824e-17 1.903980056375016561e-19
7.124775593241660317e+03 2.496613395860000379e-17 1.927685091711945605e-19
7.158648259364461410e+03 2.584375399376352652e-17 2.017530224130300312e-19
7.192681963192260810e+03 2.608784298194386112e-17 2.125542196926366264e-19
7.226877470331854965e+03 2.603169760541918401e-17 2.325450993513406136e-19
7.261235550029838123e+03 2.637028983746162697e-17 2.766291385822187218e-19
7.295756975190018238e+03 2.724892147080344842e-17 2.444043561349524823e-19
7.330442522390694648e+03 2.857179007733046246e-17 2.214613815029403187e-19
7.365292971902219506e+03 2.896939416355256774e-17 2.027409606990958341e-19
7.400309107704518283e+03 2.928470700241079352e-17 1.907023041630508530e-19
7.435491717504673943e+03 2.952416338625649468e-17 1.891876625970105668e-19
7.470841592754737576e+03 3.026408369041920521e-17 2.080629100787267780e-19
7.506359528669483552e+03 3.041568858235139402e-17 2.300796430594427889e-19
7.542046324244267453e+03 3.102194113177318044e-17 2.063235428319777935e-19
7.577902782273087723e+03 2.677236100401666704e-17 1.799853577124327688e-19
7.613929709366530915e+03 2.887363082621767935e-17 1.734908098650109137e-19
7.650127915970047070e+03 3.071529200132802523e-17 1.760446647498996771e-19
7.686498216382045030e+03 3.079853300107582671e-17 2.111733943339106719e-19
7.723041428772323343e+03 3.211591698335869846e-17 2.011112874576405098e-19
7.759758375200432965e+03 3.256037578414783068e-17 2.040251322439908341e-19
7.796649881634122721e+03 3.332276757694784624e-17 2.012329114177557159e-19
7.833716777968003043e+03 3.312345575601720203e-17 2.310061999072495061e-19
7.870959898042184250e+03 3.380274411795133893e-17 2.290407634584021932e-19
7.908380079660973934e+03 3.341503766609521436e-17 2.341099051368404165e-19
7.945978164611841748e+03 3.396848520176930986e-17 2.240531079604105443e-19
7.983754998684224120e+03 3.290114749316000170e-17 2.333938647600176875e-19
8.021711431688682751e+03 3.347344860986526338e-17 2.024207567346943931e-19
8.059848317475888507e+03 3.292221017378645503e-17 1.746164903068437052e-19
8.098166513955948176e+03 3.217791236595260699e-17 1.570366397497596075e-19
8.136666883117648467e+03 3.225134115233711464e-17 1.492441818093332354e-19
8.175350291047803694e+03 3.206235162274948504e-17 1.490263326802869646e-19
8.214217607950831734e+03 3.215334125907897401e-17 1.554576480060294792e-19
8.253269708168287252e+03 3.201574730939540549e-17 2.115286355248670311e-19
8.292507470198474039e+03 3.079374212777324064e-17 2.085048127431415759e-19
8.331931776716324748e+03 2.968676391454747799e-17 1.896544675668736439e-19
8.371543514593129657e+03 2.970487237298141199e-17 2.093475978354268859e-19
8.411343574916614671e+03 2.972586417900699979e-17 2.040492185451888632e-19
8.451332853010855615e+03 3.001309490776600424e-17 1.946968690006415770e-19
8.491512248456532689e+03 3.050107335669207827e-17 1.741486844871202801e-19
8.531882665111128517e+03 3.055022524464778194e-17 1.513762905063656373e-19
8.572445011129188060e+03 3.056122982018774589e-17 1.425524930216436237e-19
8.613200198982875008e+03 3.071263024409999572e-17 1.602063891909072395e-19
8.654149145482428139e+03 3.087344532583592054e-17 1.628195789816613064e-19
8.695292771796750458e+03 3.115361674476135144e-17 1.577071819443301159e-19
8.736632003474231169e+03 3.072297466804615129e-17 2.211323152515406176e-19
8.778167770463445777e+03 3.181564535049038867e-17 1.691589255718955049e-19
8.819901007134192696e+03 3.208558925814999701e-17 2.107501935162004558e-19
8.861832652298457106e+03 3.192309165797476378e-17 1.984154228187283952e-19
8.903963649231474847e+03 3.107368352109245437e-17 1.970423972956717803e-19
8.946294945693087357e+03 3.123076902444647895e-17 1.544578634799984297e-19
8.988827493948907431e+03 3.152233313957370989e-17 1.607808712598489728e-19
9.031562250791870611e+03 3.187057520277441730e-17 1.500533373976477058e-19
9.074500177563704710e+03 3.177949103974074399e-17 1.416254612946948950e-19
9.117642240176504856e+03 3.195847718890509311e-17 1.420184827221691601e-19
9.160989409134583184e+03 3.154956975481055487e-17 1.525095466539101925e-19
9.204542659556162107e+03 3.190950719968401813e-17 1.695726279278927109e-19
9.248302971195427745e+03 3.101958910797636115e-17 1.522103710824162229e-19
9.292271328464526960e+03 3.068119512043212865e-17 2.296345731319860883e-19
9.336448720455649891e+03 3.074309947749324409e-17 2.249513380190970024e-19
9.380836140963412618e+03 3.216626599689507049e-17 2.079207632794408461e-19
9.425434588507056105e+03 3.258432096648080457e-17 2.155971040682796053e-19
9.470245066353052607e+03 3.310814545542444274e-17 2.081843744667912234e-19
9.515268582537613838e+03 3.313136537878672699e-17 1.938601018399131873e-19
9.560506149889302833e+03 3.344373929203612037e-17 1.849017874856413960e-19
9.605958786051958668e+03 3.357741412911228259e-17 1.838772026463383966e-19
9.651627513507435651e+03 3.439798709116695695e-17 2.330443728090320853e-19
9.697513359598737225e+03 3.554587573196000104e-17 2.806134519719744177e-19
9.743617356553064383e+03 3.581172536812112214e-17 2.376450499183569815e-19
9.789940541504993234e+03 3.552057815143199531e-17 7.998201917250632598e-19
9.836483956519919957e+03 -1.000000000000000000e+00 -1.000000000000000000e+00
9.883248648617365689e+03 -1.000000000000000000e+00 -1.000000000000000000e+00
9.930235669794657952e+03 -1.000000000000000000e+00 -1.000000000000000000e+00
9.977446077050535678e+03 -1.000000000000000000e+00 -1.000000000000000000e+00
1.002488093240887429e+04 -1.000000000000000000e+00 -1.000000000000000000e+00
1.007254130294269999e+04 4.097047444784118280e-17 3.765662149873909972e-18
1.012042826079808401e+04 4.205088002952375023e-17 2.282759048234523996e-18
1.016854288321830427e+04 4.277938549728125169e-17 2.195816090495016702e-18
1.021688625256812156e+04 4.486053870890369814e-17 1.179676788612121041e-18
1.026545945635800672e+04 4.551018511657561156e-17 1.273993210308658788e-18
1.031426358726875696e+04 4.484882619235803190e-17 9.506647623849574626e-19
1.036329974317596316e+04 4.410629553620854522e-17 8.898044103297444819e-19
1.041256902717473713e+04 4.242779882752046936e-17 7.354302471534923139e-19
1.046207254760458272e+04 4.344274639233855049e-17 5.812784736531088208e-19
1.051181141807420499e+04 4.385455895533976540e-17 4.911785304591236743e-19
1.056178675748671412e+04 4.490853387900832602e-17 4.804645252413357483e-19
1.061199969006466745e+04 4.548261675357024511e-17 5.015861209556687647e-19
1.066245134537541708e+04 4.644321952333451021e-17 5.639040621565384942e-19
1.071314285835655573e+04 4.689578731642000837e-17 8.678521556155269599e-19
1.076407536934132986e+04 4.745451434688470168e-17 5.574138861221589371e-19
1.081525002408444197e+04 4.705183463003254096e-17 8.228061593996620701e-19
1.086666797378770571e+04 4.750044457059058118e-17 4.917210851709667364e-19
1.091833037512599367e+04 4.754866498243563952e-17 6.452715415322605485e-19
1.097023839027329086e+04 4.666966305039772724e-17 6.562680452102011186e-19
1.102239318692872257e+04 4.698130010204944539e-17 5.935716726557935702e-19
1.107479593834297702e+04 4.605287809793976930e-17 5.186873773288567162e-19
1.112744782334457705e+04 4.570303298035341477e-17 4.522945483271311795e-19
1.118035002636643912e+04 4.375249688103864031e-17 4.903638196481536536e-19
1.123350373747256890e+04 4.293352630981798690e-17 3.909479015162651571e-19
1.128691015238469845e+04 4.268259795494443345e-17 5.864118893322779889e-19
1.134057047250935648e+04 4.124749652201777775e-17 4.464080658750759995e-19
1.139448590496476027e+04 4.053101586938201924e-17 6.276960928439302434e-19
1.144865766260801502e+04 4.037177532147252647e-17 4.588606368967530349e-19
1.150308696406245326e+04 3.964123319546703569e-17 5.464341184603202124e-19
1.155777503374490880e+04 3.909140315224065903e-17 6.425818144857985106e-19
1.161272310189343443e+04 3.779265128710543189e-17 5.169816966653748489e-19
1.166793240459484514e+04 3.650796357842796445e-17 5.476756713600179752e-19
1.172340418381256313e+04 3.521308772557957236e-17 3.703331035718881897e-19
1.177913968741461395e+04 3.441604938727527006e-17 3.515838284373886245e-19
1.183514016920156791e+04 3.323859548292978606e-17 3.213192336678832657e-19
1.189140688893490187e+04 3.249989341250213069e-17 2.907792193008979707e-19
1.194794111236521712e+04 3.205638421640211698e-17 4.406037214985857722e-19
1.200474411126075574e+04 3.132527668131157546e-17 5.557618687502974233e-19
1.206181716343605694e+04 3.159254225797578301e-17 3.339365409208998103e-19
1.211916155278057522e+04 3.164926690159687353e-17 6.875942558424156832e-19
1.217677856928772417e+04 3.167013590780419903e-17 5.960422400454205968e-19
1.223466950908376748e+04 3.141923528389072336e-17 6.300190561343899190e-19
1.229283567445702283e+04 3.148345210597422355e-17 4.895517209744557356e-19
1.235127837388720764e+04 3.050972143198762501e-17 3.059427538560446196e-19
1.240999892207473749e+04 3.043090297152291371e-17 3.362804578867229070e-19
1.246899863997047214e+04 2.975167691362323668e-17 3.255172691183383935e-19
1.252827885480529767e+04 2.865581728162626198e-17 3.112486364313773371e-19
1.258784090012003435e+04 2.755437937285500031e-17 4.543830714990964562e-19
1.264768611579548087e+04 2.575539935088000564e-17 7.313882986194622023e-19
1.270781584808242042e+04 2.510417191736038973e-17 5.868538796814832137e-19
1.276823144963208142e+04 2.452472721431211711e-17 6.984945018343071674e-19
1.282893427952642742e+04 2.411443170651176502e-17 4.736411636675621330e-19
1.288992570330878152e+04 2.401924995505246775e-17 6.329450967824970756e-19
1.295120709301459283e+04 2.348355782190195422e-17 2.978139271223495179e-19
1.301277982720216278e+04 2.290931466783663962e-17 4.556767051363267813e-19
1.307464529098383537e+04 2.263661621153414265e-17 1.383530399223662939e-18
1.313680487605702183e+04 -1.000000000000000000e+00 -1.000000000000000000e+00
1.319925998073554183e+04 -1.000000000000000000e+00 -1.000000000000000000e+00
1.326201200998113563e+04 -1.000000000000000000e+00 -1.000000000000000000e+00
1.332506237543498901e+04 -1.000000000000000000e+00 -1.000000000000000000e+00
1.338841249544952552e+04 -1.000000000000000000e+00 -1.000000000000000000e+00
1.345206379512032436e+04 -1.000000000000000000e+00 -1.000000000000000000e+00
1.351601770631813997e+04 -1.000000000000000000e+00 -1.000000000000000000e+00
1.358027566772118189e+04 -1.000000000000000000e+00 -1.000000000000000000e+00
1.364483912484740722e+04 -1.000000000000000000e+00 -1.000000000000000000e+00
1.370970953008706056e+04 -1.000000000000000000e+00 -1.000000000000000000e+00
1.377488834273536850e+04 -1.000000000000000000e+00 -1.000000000000000000e+00
1.384037702902532328e+04 -1.000000000000000000e+00 -1.000000000000000000e+00
1.390617706216074839e+04 -1.000000000000000000e+00 -1.000000000000000000e+00
1.397228992234933321e+04 -1.000000000000000000e+00 -1.000000000000000000e+00
1.403871709683600056e+04 -1.000000000000000000e+00 -1.000000000000000000e+00
1.410546007993634521e+04 -1.000000000000000000e+00 -1.000000000000000000e+00
1.417252037307023784e+04 -1.000000000000000000e+00 -1.000000000000000000e+00
1.423989948479564737e+04 -1.000000000000000000e+00 -1.000000000000000000e+00
1.430759893084250325e+04 -1.000000000000000000e+00 -1.000000000000000000e+00
1.437562023414683244e+04 2.655438071246479096e-17 1.844570852416260296e-19
1.444396492488506738e+04 2.656557683945999906e-17 1.513427712093712024e-19
1.451263454050832661e+04 2.547193704357217403e-17 3.695679215915566812e-19
1.458163062577718301e+04 2.526594168586929671e-17 1.916122706384006721e-19
1.465095473279626640e+04 2.539570811105738856e-17 3.615268544778130056e-19
1.472060842104924268e+04 2.436121122925739297e-17 3.305953666263637798e-19
1.479059325743394038e+04 2.367728829017391980e-17 3.163713356357847556e-19
1.486091081629744076e+04 2.414630608645982012e-17 3.844158670455798549e-19
1.493156267947170636e+04 2.445753554641780042e-17 1.579065592567302340e-19
1.500255043630899854e+04 2.484231687117672627e-17 4.988331077896045966e-19
1.507387568371768975e+04 2.524672256629829759e-17 2.771265756302851205e-19
1.514554002619824678e+04 2.571622827908749793e-17 2.858414624826009589e-19
1.521754507587915577e+04 2.651573565993697427e-17 1.941896020703927914e-19
1.528989245255341484e+04 2.704521338712479306e-17 1.653175509239001472e-19
1.536258378371478466e+04 2.748599916496500136e-17 2.007725176984168228e-19
1.543562070459447023e+04 2.738138365350410085e-17 2.590775545348077951e-19
1.550900485819797359e+04 2.772797002501544636e-17 4.293547077904147232e-19
1.558273789534186835e+04 2.789701655116446518e-17 4.159494605772315968e-19
1.565682147469117444e+04 2.766163341339839899e-17 2.409022792351157795e-19
1.573125726279648188e+04 2.802435082346048307e-17 2.439805756490020581e-19
1.580604693413150926e+04 2.736805369661289592e-17 4.072660018552448278e-19
1.588119217113083505e+04 2.670400551891904021e-17 1.758452865866792968e-19
1.595669466422757250e+04 2.586414212992221605e-17 3.372587382314447802e-19
1.603255611189161573e+04 2.513918046903387274e-17 1.363707831704314772e-19
1.610877822066767112e+04 2.499182851621600246e-17 2.018535107399284586e-19
1.618536270521371989e+04 2.426219876107686171e-17 2.637409088352256005e-19
1.626231128833965158e+04 2.373832059406141957e-17 2.561150408266691307e-19
1.633962570104582301e+04 2.278580959531270612e-17 3.658437235958267929e-19
1.641730768256225565e+04 2.206051902041153767e-17 2.411649160619042344e-19
1.649535898038756932e+04 2.154890744221450540e-17 2.478490046759780245e-19
1.657378135032833961e+04 2.095376468908397142e-17 1.311479298899217693e-19
1.665257655653869733e+04 1.990903554676030462e-17 4.280772441729691378e-19
1.673174637155979144e+04 2.007170014325692243e-17 1.497479309246750736e-19
1.681129257635994145e+04 1.939510485202077059e-17 1.838847734677221228e-19
1.689121696037448055e+04 1.894397699806077107e-17 2.292090435371978150e-19
1.697152132154608626e+04 1.876665873160681916e-17 1.430026415382542562e-19
1.705220746636530021e+04 1.853703156225112955e-17 4.593227068668502401e-19
1.713327720991098977e+04 1.839066578585882306e-17 1.662713145244409256e-19
1.721473237589139171e+04 1.797484680716470301e-17 2.533779873984222999e-19
1.729657479668495580e+04 1.803410329471617420e-17 1.937050258482424293e-19
1.737880631338165767e+04 1.756728185830579649e-17 2.486643682396750832e-19
1.746142877582446090e+04 1.753670492185147202e-17 1.667373560239099498e-19
1.754444404265073899e+04 1.745753196097625695e-17 8.440604198205798237e-20
1.762785398133434865e+04 1.708494342678029143e-17 3.628638465704615130e-19
1.771166046822742283e+04 1.659942405334428616e-17 1.037953654945934374e-19
1.779586538860266955e+04 1.630405771816546847e-17 1.634662438977508403e-19
1.788047063669585259e+04 1.583460348404242656e-17 2.115457016765563540e-19
1.796547811574818479e+04 -1.000000000000000000e+00 -1.000000000000000000e+00
1.805088973804943453e+04 -1.000000000000000000e+00 -1.000000000000000000e+00
1.813670742498069740e+04 -1.000000000000000000e+00 -1.000000000000000000e+00
1.822293310705772456e+04 -1.000000000000000000e+00 -1.000000000000000000e+00
1.830956872397442203e+04 -1.000000000000000000e+00 -1.000000000000000000e+00
1.839661622464625907e+04 -1.000000000000000000e+00 -1.000000000000000000e+00
1.848407756725440049e+04 -1.000000000000000000e+00 -1.000000000000000000e+00
1.857195471928951883e+04 -1.000000000000000000e+00 -1.000000000000000000e+00
1.866024965759617407e+04 -1.000000000000000000e+00 -1.000000000000000000e+00
1.874896436841730247e+04 -1.000000000000000000e+00 -1.000000000000000000e+00
1.883810084743873813e+04 -1.000000000000000000e+00 -1.000000000000000000e+00
1.892766109983434580e+04 -1.000000000000000000e+00 -1.000000000000000000e+00
1.901764714031094263e+04 -1.000000000000000000e+00 -1.000000000000000000e+00
1.910806099315365282e+04 -1.000000000000000000e+00 -1.000000000000000000e+00
1.919890469227156427e+04 -1.000000000000000000e+00 -1.000000000000000000e+00
1.929018028124331249e+04 -1.000000000000000000e+00 -1.000000000000000000e+00
1.938188981336315192e+04 1.880644800910163061e-17 9.151748118523257883e-20
1.947403535168713279e+04 1.850155824965677559e-17 1.166774491549531607e-19
1.956661896907948540e+04 1.863858430034967815e-17 1.243503999980460276e-19
1.965964274825931716e+04 1.906710294198525784e-17 1.440306267989717888e-19
1.975310878184735702e+04 1.956793570932774109e-17 2.184985529922714768e-19
1.984701917241312185e+04 2.017241399157324754e-17 9.089257580166008957e-20
1.994137603252216650e+04 1.891728797990640922e-17 1.305806828933808946e-19
2.003618148478360672e+04 1.743265449162704532e-17 9.329298488628897056e-20
2.013143766189795133e+04 1.939024431722578556e-17 9.875589023545343417e-20
2.022714670670493797e+04 2.111332849532298151e-17 1.016789371319922316e-19
2.032331077223184548e+04 2.188864305016812522e-17 1.182524089630787525e-19
2.041993202174187536e+04 2.145468843897043913e-17 1.235113317666502105e-19
2.051701262878283160e+04 2.102750015780745176e-17 2.550726912690156664e-19
2.061455477723605509e+04 2.019942973244110206e-17 1.146477667526901313e-19
2.071256066136547815e+04 2.022399420813719914e-17 1.844154591422691086e-19
2.081103248586701739e+04 1.992179630275818427e-17 1.863685307162014610e-19
2.090997246591818475e+04 1.920202854260613629e-17 1.038626467937008142e-19
2.100938282722788790e+04 1.860471774425460227e-17 1.598360235701816798e-19
2.110926580608657605e+04 1.828414526038928531e-17 1.598032623029724219e-19
2.120962364941642591e+04 1.798436171536131120e-17 1.515182127445689178e-19
2.131045861482194596e+04 1.816799648120946892e-17 1.297169705348492144e-19
2.141177297064086451e+04 1.745756414392678555e-17 2.540227704453733593e-19
2.151356899599489770e+04 1.659772566463917956e-17 1.528520079765812281e-19
2.161584898084133965e+04 1.635821551539590620e-17 1.387327139726565951e-19
2.171861522602431432e+04 1.598120687319999935e-17 2.590127372187479871e-19
2.182187004332666038e+04 1.581797377962080738e-17 1.531891932095592033e-19
2.192561575552199429e+04 1.443011633650710175e-17 1.667772133280057422e-19
2.202985469642671160e+04 1.500711590771942951e-17 2.112413624849328497e-19
2.213458921095283222e+04 1.450415267094228425e-17 1.643559980974255905e-19
2.223982165516047826e+04 1.413090130122598541e-17 2.085627389045429815e-19
2.234555439631097397e+04 1.386078357236101580e-17 1.884733428087373330e-19
2.245178981292017488e+04 1.350345575101129990e-17 2.305715627723365731e-19
2.255853029481176418e+04 1.230277763633966527e-17 2.279882633988238694e-19
2.266577824317127306e+04 1.121868978398633593e-17 2.536431715655582657e-19
2.277353607059990100e+04 1.141880326223333445e-17 2.085520700645242924e-19
2.288180620116884165e+04 1.044019696913701659e-17 2.126858241937558956e-19
2.299059107047392536e+04 1.041247372912956383e-17 2.157250008792594702e-19
2.309989312569014146e+04 1.008749773404896171e-17 2.320817097729087102e-19
2.320971482562704114e+04 1.045073293512650607e-17 2.450876891277633365e-19
2.332005864078375453e+04 1.068390112402475631e-17 2.763218550460834298e-19
2.343092705340468819e+04 9.410400472412795515e-18 3.027079900638169855e-19
2.354232255753544814e+04 1.012094090914602040e-17 3.174735728102398516e-19
2.365424765907868277e+04 8.008938745658191002e-18 3.409934074756907523e-19
2.376670487585079900e+04 9.716963124908298465e-18 3.721416928615129253e-19
2.387969673763832179e+04 1.048510779552454985e-17 4.298482944170733711e-19
2.399322578625490860e+04 6.166645956442726828e-18 1.871055840973904817e-18
2.410729457559863658e+04 -1.000000000000000000e+00 -1.000000000000000000e+00
2.422190567170915529e+04 -1.000000000000000000e+00 -1.000000000000000000e+00
2.433706165282579241e+04 -1.000000000000000000e+00 -1.000000000000000000e+00
2.445276510944525216e+04 -1.000000000000000000e+00 -1.000000000000000000e+00
2.456901864438000121e+04 -1.000000000000000000e+00 -1.000000000000000000e+00
2.468582487281691647e+04 -1.000000000000000000e+00 -1.000000000000000000e+00
2.480318642237584936e+04 -1.000000000000000000e+00 -1.000000000000000000e+00
2.492110593316907762e+04 -1.000000000000000000e+00 -1.000000000000000000e+00
2.503958605786040425e+04 -1.000000000000000000e+00 -1.000000000000000000e+00
2.515862946172496959e+04 -1.000000000000000000e+00 -1.000000000000000000e+00
2.527823882270928516e+04 -1.000000000000000000e+00 -1.000000000000000000e+00
2.539841683149118762e+04 -1.000000000000000000e+00 -1.000000000000000000e+00
2.551916619154074942e+04 -1.000000000000000000e+00 -1.000000000000000000e+00
2.564048961918078203e+04 -1.000000000000000000e+00 -1.000000000000000000e+00
2.576238984364808130e+04 -1.000000000000000000e+00 -1.000000000000000000e+00
2.588486960715489113e+04 -1.000000000000000000e+00 -1.000000000000000000e+00
2.600793166495033074e+04 -1.000000000000000000e+00 -1.000000000000000000e+00
2.613157878538271689e+04 -1.000000000000000000e+00 -1.000000000000000000e+00
2.625581374996158775e+04 -1.000000000000000000e+00 -1.000000000000000000e+00
2.638063935342032710e+04 -1.000000000000000000e+00 -1.000000000000000000e+00
2.650605840377919958e+04 -1.000000000000000000e+00 -1.000000000000000000e+00
2.663207372240817494e+04 -1.000000000000000000e+00 -1.000000000000000000e+00
2.675868814409080005e+04 -1.000000000000000000e+00 -1.000000000000000000e+00
2.688590451708765613e+04 -1.000000000000000000e+00 -1.000000000000000000e+00
2.701372570320056548e+04 -1.000000000000000000e+00 -1.000000000000000000e+00
2.714215457783704187e+04 -1.000000000000000000e+00 -1.000000000000000000e+00
2.727119403007469737e+04 -1.000000000000000000e+00 -1.000000000000000000e+00
2.740084696272662404e+04 -1.000000000000000000e+00 -1.000000000000000000e+00
2.753111629240637194e+04 -1.000000000000000000e+00 -1.000000000000000000e+00
2.766200494959367279e+04 -1.000000000000000000e+00 -1.000000000000000000e+00
2.779351587870047297e+04 -1.000000000000000000e+00 -1.000000000000000000e+00
2.792565203813696280e+04 -1.000000000000000000e+00 -1.000000000000000000e+00
2.805841640037826801e+04 -1.000000000000000000e+00 -1.000000000000000000e+00
2.819181195203127209e+04 -1.000000000000000000e+00 -1.000000000000000000e+00
2.832584169390178431e+04 -1.000000000000000000e+00 -1.000000000000000000e+00
2.846050864106217341e+04 -1.000000000000000000e+00 -1.000000000000000000e+00
2.859581582291896120e+04 -1.000000000000000000e+00 -1.000000000000000000e+00
2.873176628328117295e+04 -1.000000000000000000e+00 -1.000000000000000000e+00
2.886836308042870223e+04 -1.000000000000000000e+00 -1.000000000000000000e+00
2.900560928718113792e+04 -1.000000000000000000e+00 -1.000000000000000000e+00
2.914350799096696210e+04 -1.000000000000000000e+00 -1.000000000000000000e+00
2.928206229389285363e+04 -1.000000000000000000e+00 -1.000000000000000000e+00
2.942127531281357733e+04 -1.000000000000000000e+00 -1.000000000000000000e+00
2.956115017940208782e+04 -1.000000000000000000e+00 -1.000000000000000000e+00
2.970169004021991350e+04 -1.000000000000000000e+00 -1.000000000000000000e+00
2.984289805678810080e+04 -1.000000000000000000e+00 -1.000000000000000000e+00
2.998477740565812564e+04 -1.000000000000000000e+00 -1.000000000000000000e+00
3.012733127848347794e+04 -1.000000000000000000e+00 -1.000000000000000000e+00
3.027056288209143895e+04 -1.000000000000000000e+00 -1.000000000000000000e+00
3.041447543855518234e+04 -1.000000000000000000e+00 -1.000000000000000000e+00
3.055907218526638098e+04 -1.000000000000000000e+00 -1.000000000000000000e+00
3.070435637500784651e+04 -1.000000000000000000e+00 -1.000000000000000000e+00
3.085033127602679815e+04 -1.000000000000000000e+00 -1.000000000000000000e+00
3.099700017210851001e+04 -1.000000000000000000e+00 -1.000000000000000000e+00
3.114436636264982735e+04 -1.000000000000000000e+00 -1.000000000000000000e+00
3.129243316273384698e+04 -1.000000000000000000e+00 -1.000000000000000000e+00
3.144120390320412480e+04 -1.000000000000000000e+00 -1.000000000000000000e+00
3.159068193073974544e+04 -1.000000000000000000e+00 -1.000000000000000000e+00
3.174087060793072669e+04 -1.000000000000000000e+00 -1.000000000000000000e+00
3.189177331335331473e+04 -1.000000000000000000e+00 -1.000000000000000000e+00
3.204339344164643990e+04 -1.000000000000000000e+00 -1.000000000000000000e+00
3.219573440358772496e+04 -1.000000000000000000e+00 -1.000000000000000000e+00
3.234879962617033016e+04 -1.000000000000000000e+00 -1.000000000000000000e+00
3.250259255268019115e+04 -1.000000000000000000e+00 -1.000000000000000000e+00
3.265711664277310774e+04 -1.000000000000000000e+00 -1.000000000000000000e+00
3.281237537255304051e+04 -1.000000000000000000e+00 -1.000000000000000000e+00
3.296837223464994167e+04 -1.000000000000000000e+00 -1.000000000000000000e+00
3.312511073829844099e+04 -1.000000000000000000e+00 -1.000000000000000000e+00
3.328259440941694629e+04 -1.000000000000000000e+00 -1.000000000000000000e+00
3.344082679068656580e+04 -1.000000000000000000e+00 -1.000000000000000000e+00
3.359981144163130375e+04 -1.000000000000000000e+00 -1.000000000000000000e+00
3.375955193869773211e+04 -1.000000000000000000e+00 -1.000000000000000000e+00
3.392005187533560820e+04 -1.000000000000000000e+00 -1.000000000000000000e+00
3.408131486207882699e+04 -1.000000000000000000e+00 -1.000000000000000000e+00
3.424334452662627154e+04 -1.000000000000000000e+00 -1.000000000000000000e+00
3.440614451392390765e+04 -1.000000000000000000e+00 -1.000000000000000000e+00
3.456971848624637641e+04 -1.000000000000000000e+00 -1.000000000000000000e+00
3.473407012327956181e+04 -1.000000000000000000e+00 -1.000000000000000000e+00
3.489920312220346386e+04 -1.000000000000000000e+00 -1.000000000000000000e+00
3.506512119777499902e+04 -1.000000000000000000e+00 -1.000000000000000000e+00
3.523182808241206658e+04 -1.000000000000000000e+00 -1.000000000000000000e+00
3.539932752627711307e+04 -1.000000000000000000e+00 -1.000000000000000000e+00
3.556762329736162064e+04 -1.000000000000000000e+00 -1.000000000000000000e+00
3.573671918157107575e+04 -1.000000000000000000e+00 -1.000000000000000000e+00
3.590661898280963942e+04 -1.000000000000000000e+00 -1.000000000000000000e+00
3.607732652306631644e+04 -1.000000000000000000e+00 -1.000000000000000000e+00
3.624884564250047697e+04 -1.000000000000000000e+00 -1.000000000000000000e+00
3.642118019952842587e+04 -1.000000000000000000e+00 -1.000000000000000000e+00
3.659433407091032132e+04 -1.000000000000000000e+00 -1.000000000000000000e+00
3.676831115183696966e+04 -1.000000000000000000e+00 -1.000000000000000000e+00
3.694311535601802461e+04 -1.000000000000000000e+00 -1.000000000000000000e+00
3.711875061576953885e+04 -1.000000000000000000e+00 -1.000000000000000000e+00
3.729522088210264337e+04 -1.000000000000000000e+00 -1.000000000000000000e+00
3.747253012481253245e+04 -1.000000000000000000e+00 -1.000000000000000000e+00
3.765068233256737585e+04 -1.000000000000000000e+00 -1.000000000000000000e+00
3.782968151299856981e+04 -1.000000000000000000e+00 -1.000000000000000000e+00
3.800953169279046415e+04 -1.000000000000000000e+00 -1.000000000000000000e+00
3.819023691777111526e+04 -1.000000000000000000e+00 -1.000000000000000000e+00
3.837180125300342479e+04 -1.000000000000000000e+00 -1.000000000000000000e+00
3.855422878287620551e+04 -1.000000000000000000e+00 -1.000000000000000000e+00
3.873752361119654233e+04 -1.000000000000000000e+00 -1.000000000000000000e+00
3.892168986128173856e+04 -1.000000000000000000e+00 -1.000000000000000000e+00
3.910673167605222261e+04 -1.000000000000000000e+00 -1.000000000000000000e+00
3.929265321812484035e+04 -1.000000000000000000e+00 -1.000000000000000000e+00
3.947945866990615468e+04 -1.000000000000000000e+00 -1.000000000000000000e+00
3.966715223368701118e+04 -1.000000000000000000e+00 -1.000000000000000000e+00
3.985573813173666713e+04 -1.000000000000000000e+00 -1.000000000000000000e+00
4.004522060639791744e+04 -1.000000000000000000e+00 -1.000000000000000000e+00
4.023560392018267885e+04 -1.000000000000000000e+00 -1.000000000000000000e+00
4.042689235586760333e+04 -1.000000000000000000e+00 -1.000000000000000000e+00
4.061909021659059363e+04 -1.000000000000000000e+00 -1.000000000000000000e+00
4.081220182594757352e+04 -1.000000000000000000e+00 -1.000000000000000000e+00
4.100623152808968734e+04 -1.000000000000000000e+00 -1.000000000000000000e+00
4.120118368782121979e+04 -1.000000000000000000e+00 -1.000000000000000000e+00
4.139706269069750851e+04 -1.000000000000000000e+00 -1.000000000000000000e+00
4.159387294312376616e+04 -1.000000000000000000e+00 -1.000000000000000000e+00
4.179161887245419348e+04 -1.000000000000000000e+00 -1.000000000000000000e+00
4.199030492709150712e+04 -1.000000000000000000e+00 -1.000000000000000000e+00
4.218993557658716600e+04 -1.000000000000000000e+00 -1.000000000000000000e+00
4.239051531174170668e+04 -1.000000000000000000e+00 -1.000000000000000000e+00
4.259204864470587927e+04 -1.000000000000000000e+00 -1.000000000000000000e+00
4.279454010908216151e+04 -1.000000000000000000e+00 -1.000000000000000000e+00
4.299799426002667315e+04 -1.000000000000000000e+00 -1.000000000000000000e+00
4.320241567435181059e+04 -1.000000000000000000e+00 -1.000000000000000000e+00
4.340780895062897616e+04 -1.000000000000000000e+00 -1.000000000000000000e+00
4.361417870929216588e+04 -1.000000000000000000e+00 -1.000000000000000000e+00
4.382152959274189197e+04 -1.000000000000000000e+00 -1.000000000000000000e+00
4.402986626544956380e+04 -1.000000000000000000e+00 -1.000000000000000000e+00
4.423919341406256717e+04 -1.000000000000000000e+00 -1.000000000000000000e+00
4.444951574750948930e+04 -1.000000000000000000e+00 -1.000000000000000000e+00
4.466083799710610765e+04 -1.000000000000000000e+00 -1.000000000000000000e+00
4.487316491666207003e+04 -1.000000000000000000e+00 -1.000000000000000000e+00
4.508650128258728364e+04 -1.000000000000000000e+00 -1.000000000000000000e+00
4.530085189400002855e+04 -1.000000000000000000e+00 -1.000000000000000000e+00
4.551622157283443084e+04 -1.000000000000000000e+00 -1.000000000000000000e+00
4.573261516394905630e+04 -1.000000000000000000e+00 -1.000000000000000000e+00
4.595003753523614432e+04 -1.000000000000000000e+00 -1.000000000000000000e+00
4.616849357773058728e+04 -1.000000000000000000e+00 -1.000000000000000000e+00
4.638798820572059049e+04 -1.000000000000000000e+00 -1.000000000000000000e+00
4.660852635685772111e+04 -1.000000000000000000e+00 -1.000000000000000000e+00
4.683011299226817209e+04 -1.000000000000000000e+00 -1.000000000000000000e+00
4.705275309666455723e+04 -1.000000000000000000e+00 -1.000000000000000000e+00
4.727645167845751712e+04 -1.000000000000000000e+00 -1.000000000000000000e+00
4.750121376986904215e+04 -1.000000000000000000e+00 -1.000000000000000000e+00
4.772704442704517714e+04 -1.000000000000000000e+00 -1.000000000000000000e+00
4.795394873016991914e+04 -1.000000000000000000e+00 -1.000000000000000000e+00
4.818193178357973375e+04 -1.000000000000000000e+00 -1.000000000000000000e+00
4.841099871587781672e+04 -1.000000000000000000e+00 -1.000000000000000000e+00
4.864115468005013099e+04 -1.000000000000000000e+00 -1.000000000000000000e+00
4.887240485358084698e+04 -1.000000000000000000e+00 -1.000000000000000000e+00
4.910475443856893980e+04 -1.000000000000000000e+00 -1.000000000000000000e+00
4.933820866184546321e+04 -1.000000000000000000e+00 -1.000000000000000000e+00
4.957277277509056148e+04 -1.000000000000000000e+00 -1.000000000000000000e+00
4.980845205495231494e+04 -1.000000000000000000e+00 -1.000000000000000000e+00
5.004525180316487240e+04 -1.000000000000000000e+00 -1.000000000000000000e+00
5.028317734666792967e+04 -1.000000000000000000e+00 -1.000000000000000000e+00
5.052223403772679012e+04 -1.000000000000000000e+00 -1.000000000000000000e+00
5.076242725405216333e+04 -1.000000000000000000e+00 -1.000000000000000000e+00
5.100376239892186277e+04 -1.000000000000000000e+00 -1.000000000000000000e+00
5.124624490130184131e+04 -1.000000000000000000e+00 -1.000000000000000000e+00
5.148988021596843464e+04 -1.000000000000000000e+00 -1.000000000000000000e+00
5.173467382363137585e+04 -1.000000000000000000e+00 -1.000000000000000000e+00
5.198063123105644627e+04 -1.000000000000000000e+00 -1.000000000000000000e+00
5.222775797119011258e+04 -1.000000000000000000e+00 -1.000000000000000000e+00
5.247605960328337824e+04 -1.000000000000000000e+00 -1.000000000000000000e+00
5.272554171301712631e+04 -1.000000000000000000e+00 -1.000000000000000000e+00
5.297620991262792813e+04 -1.000000000000000000e+00 -1.000000000000000000e+00
5.322806984103371360e+04 -1.000000000000000000e+00 -1.000000000000000000e+00
5.348112716396137694e+04 -1.000000000000000000e+00 -1.000000000000000000e+00
5.373538757407364756e+04 -1.000000000000000000e+00 -1.000000000000000000e+00
5.399085679109736520e+04 -1.000000000000000000e+00 -1.000000000000000000e+00
5.424754056195235171e+04 -1.000000000000000000e+00 -1.000000000000000000e+00
5.450544466088008630e+04 -1.000000000000000000e+00 -1.000000000000000000e+00
5.476457488957440364e+04 -1.000000000000000000e+00 -1.000000000000000000e+00
5.502493707731136237e+04 -1.000000000000000000e+00 -1.000000000000000000e+00
5.528653708108061255e+04 -1.000000000000000000e+00 -1.000000000000000000e+00
5.554938078571738151e+04 -1.000000000000000000e+00 -1.000000000000000000e+00
5.581347410403424146e+04 -1.000000000000000000e+00 -1.000000000000000000e+00
5.607882297695488523e+04 -1.000000000000000000e+00 -1.000000000000000000e+00
5.634543337364715990e+04 -1.000000000000000000e+00 -1.000000000000000000e+00
5.661331129165762104e+04 -1.000000000000000000e+00 -1.000000000000000000e+00
5.688246275704658910e+04 -1.000000000000000000e+00 -1.000000000000000000e+00
5.715289382452314749e+04 -1.000000000000000000e+00 -1.000000000000000000e+00
5.742461057758212701e+04 -1.000000000000000000e+00 -1.000000000000000000e+00
5.769761912864035548e+04 -1.000000000000000000e+00 -1.000000000000000000e+00
5.797192561917431885e+04 -1.000000000000000000e+00 -1.000000000000000000e+00
5.824753621985854988e+04 -1.000000000000000000e+00 -1.000000000000000000e+00
5.852445713070410420e+04 -1.000000000000000000e+00 -1.000000000000000000e+00
5.880269458119819319e+04 -1.000000000000000000e+00 -1.000000000000000000e+00
5.908225483044434804e+04 -1.000000000000000000e+00 -1.000000000000000000e+00
5.936314416730308585e+04 -1.000000000000000000e+00 -1.000000000000000000e+00
5.964536891053371073e+04 -1.000000000000000000e+00 -1.000000000000000000e+00
5.992893540893595491e+04 -1.000000000000000000e+00 -1.000000000000000000e+00
6.021385004149321321e+04 -1.000000000000000000e+00 -1.000000000000000000e+00
6.050011921751585032e+04 -1.000000000000000000e+00 -1.000000000000000000e+00
6.078774937678536662e+04 -1.000000000000000000e+00 -1.000000000000000000e+00
6.107674698969953897e+04 -1.000000000000000000e+00 -1.000000000000000000e+00
6.136711855741751788e+04 -1.000000000000000000e+00 -1.000000000000000000e+00
6.165887061200645257e+04 -1.000000000000000000e+00 -1.000000000000000000e+00
6.195200971658823255e+04 -1.000000000000000000e+00 -1.000000000000000000e+00
6.224654246548718947e+04 -1.000000000000000000e+00 -1.000000000000000000e+00
6.254247548437858495e+04 -1.000000000000000000e+00 -1.000000000000000000e+00
6.283981543043736019e+04 -1.000000000000000000e+00 -1.000000000000000000e+00
6.313856899248811533e+04 -1.000000000000000000e+00 -1.000000000000000000e+00
6.343874289115549618e+04 -1.000000000000000000e+00 -1.000000000000000000e+00
6.374034387901534501e+04 -1.000000000000000000e+00 -1.000000000000000000e+00
6.404337874074683350e+04 -1.000000000000000000e+00 -1.000000000000000000e+00
6.434785429328476312e+04 -1.000000000000000000e+00 -1.000000000000000000e+00
6.465377738597299322e+04 -1.000000000000000000e+00 -1.000000000000000000e+00
6.496115490071890963e+04 -1.000000000000000000e+00 -1.000000000000000000e+00
6.526999375214742759e+04 -1.000000000000000000e+00 -1.000000000000000000e+00
6.558030088775749027e+04 -1.000000000000000000e+00 -1.000000000000000000e+00
6.589208328807765793e+04 -1.000000000000000000e+00 -1.000000000000000000e+00
6.620534796682333399e+04 -1.000000000000000000e+00 -1.000000000000000000e+00
6.652010197105488623e+04 -1.000000000000000000e+00 -1.000000000000000000e+00
6.683635238133539679e+04 -1.000000000000000000e+00 -1.000000000000000000e+00
6.715410631189089327e+04 -1.000000000000000000e+00 -1.000000000000000000e+00
6.747337091076961951e+04 -1.000000000000000000e+00 -1.000000000000000000e+00
6.779415336000316893e+04 -1.000000000000000000e+00 -1.000000000000000000e+00
6.811646087576824357e+04 -1.000000000000000000e+00 -1.000000000000000000e+00
6.844030070854829683e+04 -1.000000000000000000e+00 -1.000000000000000000e+00
6.876568014329754806e+04 -1.000000000000000000e+00 -1.000000000000000000e+00
6.909260649960415321e+04 -1.000000000000000000e+00 -1.000000000000000000e+00
6.942108713185510715e+04 -1.000000000000000000e+00 -1.000000000000000000e+00
6.975112942940196081e+04 -1.000000000000000000e+00 -1.000000000000000000e+00
7.008274081672629109e+04 -1.000000000000000000e+00 -1.000000000000000000e+00
7.041592875360770267e+04 -1.000000000000000000e+00 -1.000000000000000000e+00
7.075070073529088404e+04 -1.000000000000000000e+00 -1.000000000000000000e+00
7.108706429265442421e+04 -1.000000000000000000e+00 -1.000000000000000000e+00
7.142502699238060450e+04 -1.000000000000000000e+00 -1.000000000000000000e+00
7.176459643712476827e+04 -1.000000000000000000e+00 -1.000000000000000000e+00
7.210578026568741188e+04 -1.000000000000000000e+00 -1.000000000000000000e+00
7.244858615318509692e+04 -1.000000000000000000e+00 -1.000000000000000000e+00
7.279302181122358888e+04 -1.000000000000000000e+00 -1.000000000000000000e+00
7.313909498807147611e+04 -1.000000000000000000e+00 -1.000000000000000000e+00
7.348681346883368678e+04 -1.000000000000000000e+00 -1.000000000000000000e+00
7.383618507562774175e+04 -1.000000000000000000e+00 -1.000000000000000000e+00
7.418721766775877040e+04 -1.000000000000000000e+00 -1.000000000000000000e+00
7.453991914189672389e+04 -1.000000000000000000e+00 -1.000000000000000000e+00
7.489429743225425773e+04 -1.000000000000000000e+00 -1.000000000000000000e+00
7.525036051076438162e+04 -1.000000000000000000e+00 -1.000000000000000000e+00
7.560811638726088859e+04 -1.000000000000000000e+00 -1.000000000000000000e+00
7.596757310965763463e+04 -1.000000000000000000e+00 -1.000000000000000000e+00
7.632873876412998652e+04 -1.000000000000000000e+00 -1.000000000000000000e+00
7.669162147529696813e+04 -1.000000000000000000e+00 -1.000000000000000000e+00
7.705622940640318848e+04 -1.000000000000000000e+00 -1.000000000000000000e+00
7.742257075950353465e+04 -1.000000000000000000e+00 -1.000000000000000000e+00
7.779065377564690425e+04 -1.000000000000000000e+00 -1.000000000000000000e+00
7.816048673506182968e+04 -1.000000000000000000e+00 -1.000000000000000000e+00
7.853207795734309184e+04 -1.000000000000000000e+00 -1.000000000000000000e+00
7.890543580163801380e+04 -1.000000000000000000e+00 -1.000000000000000000e+00
7.928056866683556291e+04 -1.000000000000000000e+00 -1.000000000000000000e+00
7.965748499175452162e+04 -1.000000000000000000e+00 -1.000000000000000000e+00
8.003619325533353549e+04 -1.000000000000000000e+00 -1.000000000000000000e+00
8.041670197682217986e+04 -1.000000000000000000e+00 -1.000000000000000000e+00
8.079901971597179363e+04 -1.000000000000000000e+00 -1.000000000000000000e+00
8.118315507322912163e+04 -1.000000000000000000e+00 -1.000000000000000000e+00
8.156911668992886553e+04 -1.000000000000000000e+00 -1.000000000000000000e+00
8.195691324848847580e+04 -1.000000000000000000e+00 -1.000000000000000000e+00
8.234655347260370036e+04 -1.000000000000000000e+00 -1.000000000000000000e+00
8.273804612744403130e+04 -1.000000000000000000e+00 -1.000000000000000000e+00
8.313140001985091658e+04 -1.000000000000000000e+00 -1.000000000000000000e+00
8.352662399853508396e+04 -1.000000000000000000e+00 -1.000000000000000000e+00
8.392372695427584404e+04 -1.000000000000000000e+00 -1.000000000000000000e+00
8.432271782012147014e+04 -1.000000000000000000e+00 -1.000000000000000000e+00
8.472360557158921438e+04 -1.000000000000000000e+00 -1.000000000000000000e+00
8.512639922686840873e+04 -1.000000000000000000e+00 -1.000000000000000000e+00
8.553110784702235833e+04 -1.000000000000000000e+00 -1.000000000000000000e+00
8.593774053619257757e+04 -1.000000000000000000e+00 -1.000000000000000000e+00
8.634630644180384115e+04 -1.000000000000000000e+00 -1.000000000000000000e+00
8.675681475476936612e+04 -1.000000000000000000e+00 -1.000000000000000000e+00
8.716927470969804563e+04 -1.000000000000000000e+00 -1.000000000000000000e+00
8.758369558510197385e+04 -1.000000000000000000e+00 -1.000000000000000000e+00
8.800008670360512042e+04 -1.000000000000000000e+00 -1.000000000000000000e+00
8.841845743215350376e+04 -1.000000000000000000e+00 -1.000000000000000000e+00
8.883881718222516065e+04 -1.000000000000000000e+00 -1.000000000000000000e+00
8.926117541004245868e+04 -1.000000000000000000e+00 -1.000000000000000000e+00
8.968554161678452510e+04 -1.000000000000000000e+00 -1.000000000000000000e+00
9.011192534880105813e+04 -1.000000000000000000e+00 -1.000000000000000000e+00
9.054033619782728783e+04 -1.000000000000000000e+00 -1.000000000000000000e+00
9.097078380119934445e+04 -1.000000000000000000e+00 -1.000000000000000000e+00
9.140327784207128570e+04 -1.000000000000000000e+00 -1.000000000000000000e+00
9.183782804963295348e+04 -1.000000000000000000e+00 -1.000000000000000000e+00
9.227444419932864548e+04 -1.000000000000000000e+00 -1.000000000000000000e+00
9.271313611307748943e+04 -1.000000000000000000e+00 -1.000000000000000000e+00
9.315391365949374449e+04 -1.000000000000000000e+00 -1.000000000000000000e+00
9.359678675410909636e+04 -1.000000000000000000e+00 -1.000000000000000000e+00
9.404176535959616012e+04 -1.000000000000000000e+00 -1.000000000000000000e+00
9.448885948599147378e+04 -1.000000000000000000e+00 -1.000000000000000000e+00
9.493807919092204247e+04 -1.000000000000000000e+00 -1.000000000000000000e+00
9.538943457983055850e+04 -1.000000000000000000e+00 -1.000000000000000000e+00
9.584293580620306602e+04 -1.000000000000000000e+00 -1.000000000000000000e+00
9.629859307179778989e+04 -1.000000000000000000e+00 -1.000000000000000000e+00
9.675641662687358621e+04 -1.000000000000000000e+00 -1.000000000000000000e+00
9.721641677042179799e+04 -1.000000000000000000e+00 -1.000000000000000000e+00
9.767860385039699031e+04 -1.000000000000000000e+00 -1.000000000000000000e+00
9.814298826395001379e+04 -1.000000000000000000e+00 -1.000000000000000000e+00
9.860958045766236319e+04 -1.000000000000000000e+00 -1.000000000000000000e+00
9.907839092778002669e+04 -1.000000000000000000e+00 -1.000000000000000000e+00
9.954943022045104590e+04 -1.000000000000000000e+00 -1.000000000000000000e+00
1.000227089319616643e+05 -1.000000000000000000e+00 -1.000000000000000000e+00
1.004982377089751535e+05 -1.000000000000000000e+00 -1.000000000000000000e+00
1.009760272487711190e+05 -1.000000000000000000e+00 -1.000000000000000000e+00
1.014560882994866261e+05 -1.000000000000000000e+00 -1.000000000000000000e+00
1.019384316603572515e+05 -1.000000000000000000e+00 -1.000000000000000000e+00
1.024230681819605234e+05 -1.000000000000000000e+00 -1.000000000000000000e+00
1.029100087664598686e+05 -1.000000000000000000e+00 -1.000000000000000000e+00
1.033992643678497261e+05 -1.000000000000000000e+00 -1.000000000000000000e+00
1.038908459922025067e+05 -1.000000000000000000e+00 -1.000000000000000000e+00
1.043847646979153506e+05 -1.000000000000000000e+00 -1.000000000000000000e+00
1.048810315959595318e+05 -1.000000000000000000e+00 -1.000000000000000000e+00
1.053796578501301119e+05 -1.000000000000000000e+00 -1.000000000000000000e+00
1.058806546772971051e+05 -1.000000000000000000e+00 -1.000000000000000000e+00
1.063840333476581727e+05 -1.000000000000000000e+00 -1.000000000000000000e+00
1.068898051849914918e+05 -1.000000000000000000e+00 -1.000000000000000000e+00
1.073979815669109521e+05 -1.000000000000000000e+00 -1.000000000000000000e+00
1.079085739251220366e+05 -1.000000000000000000e+00 -1.000000000000000000e+00
1.084215937456787506e+05 -1.000000000000000000e+00 -1.000000000000000000e+00
1.089370525692425726e+05 -1.000000000000000000e+00 -1.000000000000000000e+00
1.094549619913413335e+05 -1.000000000000000000e+00 -1.000000000000000000e+00
1.099753336626305536e+05 -1.000000000000000000e+00 -1.000000000000000000e+00
1.104981792891553487e+05 -1.000000000000000000e+00 -1.000000000000000000e+00
1.110235106326137757e+05 -1.000000000000000000e+00 -1.000000000000000000e+00
1.115513395106216922e+05 -1.000000000000000000e+00 -1.000000000000000000e+00
1.120816777969780960e+05 -1.000000000000000000e+00 -1.000000000000000000e+00
1.126145374219325895e+05 -1.000000000000000000e+00 -1.000000000000000000e+00
1.131499303724536439e+05 -1.000000000000000000e+00 -1.000000000000000000e+00
1.136878686924981594e+05 -1.000000000000000000e+00 -1.000000000000000000e+00
1.142283644832829013e+05 -1.000000000000000000e+00 -1.000000000000000000e+00
1.147714299035559816e+05 -1.000000000000000000e+00 -1.000000000000000000e+00
1.153170771698707831e+05 -1.000000000000000000e+00 -1.000000000000000000e+00
1.158653185568607878e+05 -1.000000000000000000e+00 -1.000000000000000000e+00
1.164161663975155534e+05 -1.000000000000000000e+00 -1.000000000000000000e+00
1.169696330834584951e+05 -1.000000000000000000e+00 -1.000000000000000000e+00
1.175257310652251181e+05 -1.000000000000000000e+00 -1.000000000000000000e+00
1.180844728525434039e+05 -1.000000000000000000e+00 -1.000000000000000000e+00
1.186458710146151570e+05 -1.000000000000000000e+00 -1.000000000000000000e+00
1.192099381803990400e+05 -1.000000000000000000e+00 -1.000000000000000000e+00
1.197766870388941607e+05 -1.000000000000000000e+00 -1.000000000000000000e+00
1.203461303394257993e+05 -1.000000000000000000e+00 -1.000000000000000000e+00
1.209182808919322415e+05 -1.000000000000000000e+00 -1.000000000000000000e+00
1.214931515672527312e+05 -1.000000000000000000e+00 -1.000000000000000000e+00
1.220707552974175196e+05 -1.000000000000000000e+00 -1.000000000000000000e+00
1.226511050759381033e+05 -1.000000000000000000e+00 -1.000000000000000000e+00
1.232342139580999356e+05 -1.000000000000000000e+00 -1.000000000000000000e+00
1.238200950612559827e+05 -1.000000000000000000e+00 -1.000000000000000000e+00
1.244087615651217347e+05 -1.000000000000000000e+00 -1.000000000000000000e+00
1.250002267120721808e+05 -1.000000000000000000e+00 -1.000000000000000000e+00
1.255945038074389158e+05 -1.000000000000000000e+00 -1.000000000000000000e+00
1.261916062198100262e+05 -1.000000000000000000e+00 -1.000000000000000000e+00
1.267915473813305725e+05 -1.000000000000000000e+00 -1.000000000000000000e+00
1.273943407880047744e+05 -1.000000000000000000e+00 -1.000000000000000000e+00
1.279999999999999854e+05 -1.000000000000000000e+00 -1.000000000000000000e+00
