1.000000000000000114e+03 -1.000000000000000000e+00 -1.000000000000000000e+00
1.004754208140241872e+03 -1.000000000000000000e+00 -1.000000000000000000e+00
1.009531018775526604e+03 -1.000000000000000000e+00 -1.000000000000000000e+00
1.014330539362816126e+03 -1.000000000000000000e+00 -1.000000000000000000e+00
1.019152877869952704e+03 -1.000000000000000000e+00 -1.000000000000000000e+00
1.023998142778073088e+03 -1.000000000000000000e+00 -1.000000000000000000e+00
1.028866443084061075e+03 -1.000000000000000000e+00 -1.000000000000000000e+00
1.033757888302995525e+03 -1.000000000000000000e+00 -1.000000000000000000e+00
1.038672588470604751e+03 -1.000000000000000000e+00 -1.000000000000000000e+00
1.043610654145760009e+03 -1.000000000000000000e+00 -1.000000000000000000e+00
1.048572196412942958e+03 -1.000000000000000000e+00 -1.000000000000000000e+00
1.053557326884760869e+03 -1.000000000000000000e+00 -1.000000000000000000e+00
1.058566157704450006e+03 -1.000000000000000000e+00 -1.000000000000000000e+00
1.063598801548392885e+03 -1.000000000000000000e+00 -1.000000000000000000e+00
1.068655371628668036e+03 -1.000000000000000000e+00 -1.000000000000000000e+00
1.073735981695578403e+03 -1.000000000000000000e+00 -1.000000000000000000e+00
1.078840746040226122e+03 -1.000000000000000000e+00 -1.000000000000000000e+00
1.083969779497077525e+03 -1.000000000000000000e+00 -1.000000000000000000e+00
1.089123197446538825e+03 -1.000000000000000000e+00 -1.000000000000000000e+00
1.094301115817567734e+03 -1.000000000000000000e+00 -1.000000000000000000e+00
1.099503651090263475e+03 -1.000000000000000000e+00 -1.000000000000000000e+00
1.104730920298502497e+03 -1.000000000000000000e+00 -1.000000000000000000e+00
1.109983041032564870e+03 -1.000000000000000000e+00 -1.000000000000000000e+00
1.115260131441772273e+03 -1.000000000000000000e+00 -1.000000000000000000e+00
1.120562310237162365e+03 -1.000000000000000000e+00 -1.000000000000000000e+00
1.125889696694140184e+03 -1.000000000000000000e+00 -1.000000000000000000e+00
1.131242410655177991e+03 -1.000000000000000000e+00 -1.000000000000000000e+00
1.136620572532504184e+03 -1.000000000000000000e+00 -1.000000000000000000e+00
1.142024303310804498e+03 -1.000000000000000000e+00 -1.000000000000000000e+00
1.147453724549961180e+03 -1.000000000000000000e+00 -1.000000000000000000e+00
1.152908958387767598e+03 -1.000000000000000000e+00 -1.000000000000000000e+00
1.158390127542692653e+03 -1.000000000000000000e+00 -1.000000000000000000e+00
1.163897355316634275e+03 -1.000000000000000000e+00 -1.000000000000000000e+00
1.169430765597686559e+03 -1.000000000000000000e+00 -1.000000000000000000e+00
1.174990482862943054e+03 -1.000000000000000000e+00 -1.000000000000000000e+00
1.180576632181276636e+03 -1.000000000000000000e+00 -1.000000000000000000e+00
1.186189339216172357e+03 -1.000000000000000000e+00 -1.000000000000000000e+00
1.191828730228544600e+03 -1.000000000000000000e+00 -1.000000000000000000e+00
1.197494932079571299e+03 -1.000000000000000000e+00 -1.000000000000000000e+00
1.203188072233562480e+03 -1.000000000000000000e+00 -1.000000000000000000e+00
1.208908278760819712e+03 -1.000000000000000000e+00 -1.000000000000000000e+00
1.214655680340510116e+03 -1.000000000000000000e+00 -1.000000000000000000e+00
1.220430406263578789e+03 -1.000000000000000000e+00 -1.000000000000000000e+00
1.226232586435635767e+03 -1.000000000000000000e+00 -1.000000000000000000e+00
1.232062351379898018e+03 -1.000000000000000000e+00 -1.000000000000000000e+00
1.237919832240116421e+03 -1.000000000000000000e+00 -1.000000000000000000e+00
1.243805160783519341e+03 -1.000000000000000000e+00 -1.000000000000000000e+00
1.249718469403793961e+03 -1.000000000000000000e+00 -1.000000000000000000e+00
1.255659891124043952e+03 -1.000000000000000000e+00 -1.000000000000000000e+00
1.261629559599801269e+03 -1.000000000000000000e+00 -1.000000000000000000e+00
1.267627609122023159e+03 -1.000000000000000000e+00 -1.000000000000000000e+00
1.273654174620106460e+03 -1.000000000000000000e+00 -1.000000000000000000e+00
1.279709391664940995e+03 -1.000000000000000000e+00 -1.000000000000000000e+00
1.285793396471938649e+03 -1.000000000000000000e+00 -1.000000000000000000e+00
1.291906325904114738e+03 -1.000000000000000000e+00 -1.000000000000000000e+00
1.298048317475160957e+03 -1.000000000000000000e+00 -1.000000000000000000e+00
1.304219509352528576e+03 -1.000000000000000000e+00 -1.000000000000000000e+00
1.310420040360557323e+03 -1.000000000000000000e+00 -1.000000000000000000e+00
1.316650049983575627e+03 -1.000000000000000000e+00 -1.000000000000000000e+00
1.322909678369057474e+03 -1.000000000000000000e+00 -1.000000000000000000e+00
1.329199066330767209e+03 -1.000000000000000000e+00 -1.000000000000000000e+00
1.335518355351918899e+03 -1.000000000000000000e+00 -1.000000000000000000e+00
1.341867687588378203e+03 -1.000000000000000000e+00 -1.000000000000000000e+00
1.348247205871838560e+03 -1.000000000000000000e+00 -1.000000000000000000e+00
1.354657053713052846e+03 -1.000000000000000000e+00 -1.000000000000000000e+00
1.361097375305054356e+03 -1.000000000000000000e+00 -1.000000000000000000e+00
1.367568315526391643e+03 -1.000000000000000000e+00 -1.000000000000000000e+00
1.374070019944406795e+03 -1.000000000000000000e+00 -1.000000000000000000e+00
1.380602634818489150e+03 -1.000000000000000000e+00 -1.000000000000000000e+00
1.387166307103382678e+03 -1.000000000000000000e+00 -1.000000000000000000e+00
1.393761184452485622e+03 -1.000000000000000000e+00 -1.000000000000000000e+00
1.400387415221162883e+03 -1.000000000000000000e+00 -1.000000000000000000e+00
1.407045148470102504e+03 -1.000000000000000000e+00 -1.000000000000000000e+00
1.413734533968647156e+03 -1.000000000000000000e+00 -1.000000000000000000e+00
1.420455722198182002e+03 -1.000000000000000000e+00 -1.000000000000000000e+00
1.427208864355512787e+03 -1.000000000000000000e+00 -1.000000000000000000e+00
1.433994112356257119e+03 -1.000000000000000000e+00 -1.000000000000000000e+00
1.440811618838283266e+03 -1.000000000000000000e+00 -1.000000000000000000e+00
1.447661537165119171e+03 -1.000000000000000000e+00 -1.000000000000000000e+00
1.454544021429424674e+03 -1.000000000000000000e+00 -1.000000000000000000e+00
1.461459226456447823e+03 -1.000000000000000000e+00 -1.000000000000000000e+00
1.468407307807498682e+03 -1.000000000000000000e+00 -1.000000000000000000e+00
1.475388421783470903e+03 -1.000000000000000000e+00 -1.000000000000000000e+00
1.482402725428332587e+03 -1.000000000000000000e+00 -1.000000000000000000e+00
1.489450376532680593e+03 -1.000000000000000000e+00 -1.000000000000000000e+00
1.496531533637281882e+03 -1.000000000000000000e+00 -1.000000000000000000e+00
1.503646356036628958e+03 -1.000000000000000000e+00 -1.000000000000000000e+00
1.510795003782546473e+03 -1.000000000000000000e+00 -1.000000000000000000e+00
1.517977637687766219e+03 -1.000000000000000000e+00 -1.000000000000000000e+00
1.525194419329566699e+03 -1.000000000000000000e+00 -1.000000000000000000e+00
1.532445511053397922e+03 -1.000000000000000000e+00 -1.000000000000000000e+00
1.539731075976525290e+03 -1.000000000000000000e+00 -1.000000000000000000e+00
1.547051277991719417e+03 -1.000000000000000000e+00 -1.000000000000000000e+00
1.554406281770919350e+03 -1.000000000000000000e+00 -1.000000000000000000e+00
1.561796252768958084e+03 -1.000000000000000000e+00 -1.000000000000000000e+00
1.569221357227274666e+03 -1.000000000000000000e+00 -1.000000000000000000e+00
1.576681762177646078e+03 -1.000000000000000000e+00 -1.000000000000000000e+00
1.584177635445965279e+03 -1.000000000000000000e+00 -1.000000000000000000e+00
1.591709145655991506e+03 -1.000000000000000000e+00 -1.000000000000000000e+00
1.599276462233166967e+03 -1.000000000000000000e+00 -1.000000000000000000e+00
1.606879755408416486e+03 -1.000000000000000000e+00 -1.000000000000000000e+00
1.614519196221969196e+03 -1.000000000000000000e+00 -1.000000000000000000e+00
1.622194956527227760e+03 -1.000000000000000000e+00 -1.000000000000000000e+00
1.629907208994608709e+03 -1.000000000000000000e+00 -1.000000000000000000e+00
1.637656127115449863e+03 -1.000000000000000000e+00 -1.000000000000000000e+00
1.645441885205902963e+03 -1.000000000000000000e+00 -1.000000000000000000e+00
1.653264658410843595e+03 -1.000000000000000000e+00 -1.000000000000000000e+00
1.661124622707838398e+03 -1.000000000000000000e+00 -1.000000000000000000e+00
1.669021954911072044e+03 -1.000000000000000000e+00 -1.000000000000000000e+00
1.676956832675352871e+03 -1.000000000000000000e+00 -1.000000000000000000e+00
1.684929434500095567e+03 -1.000000000000000000e+00 -1.000000000000000000e+00
1.692939939733329311e+03 -1.000000000000000000e+00 -1.000000000000000000e+00
1.700988528575750252e+03 -1.000000000000000000e+00 -1.000000000000000000e+00
1.709075382084766716e+03 -1.000000000000000000e+00 -1.000000000000000000e+00
1.717200682178561237e+03 -1.000000000000000000e+00 -1.000000000000000000e+00
1.725364611640206931e+03 -1.000000000000000000e+00 -1.000000000000000000e+00
1.733567354121752260e+03 -1.000000000000000000e+00 -1.000000000000000000e+00
1.741809094148379017e+03 -1.000000000000000000e+00 -1.000000000000000000e+00
1.750090017122526888e+03 -1.000000000000000000e+00 -1.000000000000000000e+00
1.758410309328086669e+03 -1.000000000000000000e+00 -1.000000000000000000e+00
1.766770157934583267e+03 -1.000000000000000000e+00 -1.000000000000000000e+00
1.775169751001372333e+03 -1.000000000000000000e+00 -1.000000000000000000e+00
1.783609277481894424e+03 -1.000000000000000000e+00 -1.000000000000000000e+00
1.792088927227913473e+03 -1.000000000000000000e+00 -1.000000000000000000e+00
1.800608890993777777e+03 -1.000000000000000000e+00 -1.000000000000000000e+00
1.809169360440736227e+03 -1.000000000000000000e+00 -1.000000000000000000e+00
1.817770528141219984e+03 -1.000000000000000000e+00 -1.000000000000000000e+00
1.826412587583204640e+03 -1.000000000000000000e+00 -1.000000000000000000e+00
1.835095733174532825e+03 -1.000000000000000000e+00 -1.000000000000000000e+00
1.843820160247314561e+03 -1.000000000000000000e+00 -1.000000000000000000e+00
1.852586065062308080e+03 -1.000000000000000000e+00 -1.000000000000000000e+00
1.861393644813326091e+03 -1.000000000000000000e+00 -1.000000000000000000e+00
1.870243097631692308e+03 -1.000000000000000000e+00 -1.000000000000000000e+00
1.879134622590687968e+03 -1.000000000000000000e+00 -1.000000000000000000e+00
1.888068419710018816e+03 -1.000000000000000000e+00 -1.000000000000000000e+00
1.897044689960342112e+03 -1.000000000000000000e+00 -1.000000000000000000e+00
1.906063635267754307e+03 -1.000000000000000000e+00 -1.000000000000000000e+00
1.915125458518363303e+03 -1.000000000000000000e+00 -1.000000000000000000e+00
1.924230363562840012e+03 -1.000000000000000000e+00 -1.000000000000000000e+00
1.933378555220990847e+03 -1.000000000000000000e+00 -1.000000000000000000e+00
1.942570239286395918e+03 -1.000000000000000000e+00 -1.000000000000000000e+00
1.951805622531002655e+03 -1.000000000000000000e+00 -1.000000000000000000e+00
1.961084912709809714e+03 -1.000000000000000000e+00 -1.000000000000000000e+00
1.970408318565524269e+03 -1.000000000000000000e+00 -1.000000000000000000e+00
1.979776049833248862e+03 -1.000000000000000000e+00 -1.000000000000000000e+00
1.989188317245226017e+03 -1.000000000000000000e+00 -1.000000000000000000e+00
1.998645332535547595e+03 -1.000000000000000000e+00 -1.000000000000000000e+00
2.008147308444944656e+03 -1.000000000000000000e+00 -1.000000000000000000e+00
2.017694458725562754e+03 -1.000000000000000000e+00 -1.000000000000000000e+00
2.027286998145756570e+03 -1.000000000000000000e+00 -1.000000000000000000e+00
2.036925142494952297e+03 -1.000000000000000000e+00 -1.000000000000000000e+00
2.046609108588465006e+03 -1.000000000000000000e+00 -1.000000000000000000e+00
2.056339114272409461e+03 -1.000000000000000000e+00 -1.000000000000000000e+00
2.066115378428585700e+03 -1.000000000000000000e+00 -1.000000000000000000e+00
2.075938120979389623e+03 -1.000000000000000000e+00 -1.000000000000000000e+00
2.085807562892792703e+03 -1.000000000000000000e+00 -1.000000000000000000e+00
2.095723926187275993e+03 -1.000000000000000000e+00 -1.000000000000000000e+00
2.105687433936855086e+03 -1.000000000000000000e+00 -1.000000000000000000e+00
2.115698310276087341e+03 -1.000000000000000000e+00 -1.000000000000000000e+00
2.125756780405097743e+03 -1.000000000000000000e+00 -1.000000000000000000e+00
2.135863070594678902e+03 -1.000000000000000000e+00 -1.000000000000000000e+00
2.146017408191341929e+03 -1.000000000000000000e+00 -1.000000000000000000e+00
2.156220021622466447e+03 -1.000000000000000000e+00 -1.000000000000000000e+00
2.166471140401420598e+03 -1.000000000000000000e+00 -1.000000000000000000e+00
2.176770995132716507e+03 -1.000000000000000000e+00 -1.000000000000000000e+00
2.187119817517223510e+03 -1.000000000000000000e+00 -1.000000000000000000e+00
2.197517840357348177e+03 -1.000000000000000000e+00 -1.000000000000000000e+00
2.207965297562302112e+03 -1.000000000000000000e+00 -1.000000000000000000e+00
2.218462424153348820e+03 -1.000000000000000000e+00 -1.000000000000000000e+00
2.229009456269079692e+03 -1.000000000000000000e+00 -1.000000000000000000e+00
2.239606631170755008e+03 -1.000000000000000000e+00 -1.000000000000000000e+00
2.250254187247606751e+03 -1.000000000000000000e+00 -1.000000000000000000e+00
2.260952364022232814e+03 -1.000000000000000000e+00 -1.000000000000000000e+00
2.271701402155971209e+03 -1.000000000000000000e+00 -1.000000000000000000e+00
2.282501543454300190e+03 -1.000000000000000000e+00 -1.000000000000000000e+00
2.293353030872310228e+03 -1.000000000000000000e+00 -1.000000000000000000e+00
2.304256108520131420e+03 -1.000000000000000000e+00 -1.000000000000000000e+00
2.315211021668460489e+03 -1.000000000000000000e+00 -1.000000000000000000e+00
2.326218016754059136e+03 -1.000000000000000000e+00 -1.000000000000000000e+00
2.337277341385288310e+03 -1.000000000000000000e+00 -1.000000000000000000e+00
2.348389244347710246e+03 -1.000000000000000000e+00 -1.000000000000000000e+00
2.359553975609644567e+03 -1.000000000000000000e+00 -1.000000000000000000e+00
2.370771786327828522e+03 -1.000000000000000000e+00 -1.000000000000000000e+00
2.382042928853049034e+03 -1.000000000000000000e+00 -1.000000000000000000e+00
2.393367656735807941e+03 -1.000000000000000000e+00 -1.000000000000000000e+00
2.404746224732052724e+03 -1.000000000000000000e+00 -1.000000000000000000e+00
2.416178888808894953e+03 -1.000000000000000000e+00 -1.000000000000000000e+00
2.427665906150351020e+03 -1.000000000000000000e+00 -1.000000000000000000e+00
2.439207535163163811e+03 -1.000000000000000000e+00 -1.000000000000000000e+00
2.450804035482576182e+03 -1.000000000000000000e+00 -1.000000000000000000e+00
2.462455667978209931e+03 -1.000000000000000000e+00 -1.000000000000000000e+00
2.474162694759897022e+03 -1.000000000000000000e+00 -1.000000000000000000e+00
2.485925379183607220e+03 -1.000000000000000000e+00 -1.000000000000000000e+00
2.497743985857361167e+03 -1.000000000000000000e+00 -1.000000000000000000e+00
2.509618780647164840e+03 -1.000000000000000000e+00 -1.000000000000000000e+00
2.521550030683021305e+03 -1.000000000000000000e+00 -1.000000000000000000e+00
2.533538004364927019e+03 -1.000000000000000000e+00 -1.000000000000000000e+00
2.545582971368891322e+03 -1.000000000000000000e+00 -1.000000000000000000e+00
2.557685202653039596e+03 -1.000000000000000000e+00 -1.000000000000000000e+00
2.569844970463668687e+03 -1.000000000000000000e+00 -1.000000000000000000e+00
2.582062548341412366e+03 -1.000000000000000000e+00 -1.000000000000000000e+00
2.594338211127350860e+03 -1.000000000000000000e+00 -1.000000000000000000e+00
2.606672234969233159e+03 -1.000000000000000000e+00 -1.000000000000000000e+00
2.619064897327671588e+03 -1.000000000000000000e+00 -1.000000000000000000e+00
2.631516476982368658e+03 -1.000000000000000000e+00 -1.000000000000000000e+00
2.644027254038419414e+03 -1.000000000000000000e+00 -1.000000000000000000e+00
2.656597509932595585e+03 -1.000000000000000000e+00 -1.000000000000000000e+00
2.669227527439663845e+03 -1.000000000000000000e+00 -1.000000000000000000e+00
2.681917590678780471e+03 -1.000000000000000000e+00 -1.000000000000000000e+00
2.694667985119843706e+03 -1.000000000000000000e+00 -1.000000000000000000e+00
2.707478997589949813e+03 -1.000000000000000000e+00 -1.000000000000000000e+00
2.720350916279831381e+03 -1.000000000000000000e+00 -1.000000000000000000e+00
2.733284030750323382e+03 -1.000000000000000000e+00 -1.000000000000000000e+00
2.746278631938915623e+03 -1.000000000000000000e+00 -1.000000000000000000e+00
2.759335012166252454e+03 -1.000000000000000000e+00 -1.000000000000000000e+00
2.772453465142747973e+03 -1.000000000000000000e+00 -1.000000000000000000e+00
2.785634285975176681e+03 -1.000000000000000000e+00 -1.000000000000000000e+00
2.798877771173297333e+03 -1.000000000000000000e+00 -1.000000000000000000e+00
2.812184218656556823e+03 -1.000000000000000000e+00 -1.000000000000000000e+00
2.825553927760754050e+03 -1.000000000000000000e+00 -1.000000000000000000e+00
2.838987199244807016e+03 -1.000000000000000000e+00 -1.000000000000000000e+00
2.852484335297504913e+03 -1.000000000000000000e+00 -1.000000000000000000e+00
2.866045639544288861e+03 -1.000000000000000000e+00 -1.000000000000000000e+00
2.879671417054120866e+03 -1.000000000000000000e+00 -1.000000000000000000e+00
2.893361974346301849e+03 -1.000000000000000000e+00 -1.000000000000000000e+00
2.907117619397405178e+03 -1.000000000000000000e+00 -1.000000000000000000e+00
2.920938661648191101e+03 -1.000000000000000000e+00 -1.000000000000000000e+00
2.934825412010546643e+03 -1.000000000000000000e+00 -1.000000000000000000e+00
2.948778182874521917e+03 -1.000000000000000000e+00 -1.000000000000000000e+00
2.962797288115311858e+03 -1.000000000000000000e+00 -1.000000000000000000e+00
2.976883043100356645e+03 -1.000000000000000000e+00 -1.000000000000000000e+00
2.991035764696418028e+03 -1.000000000000000000e+00 -1.000000000000000000e+00
3.005255771276692940e+03 -1.000000000000000000e+00 -1.000000000000000000e+00
3.019543382728011693e+03 -1.000000000000000000e+00 -1.000000000000000000e+00
3.033898920457990698e+03 -1.000000000000000000e+00 -1.000000000000000000e+00
3.048322707402303422e+03 -1.000000000000000000e+00 -1.000000000000000000e+00
3.062815068031926330e+03 -1.000000000000000000e+00 -1.000000000000000000e+00
3.077376328360418483e+03 -1.000000000000000000e+00 -1.000000000000000000e+00
3.092006815951304361e+03 -1.000000000000000000e+00 -1.000000000000000000e+00
3.106706859925383469e+03 -1.000000000000000000e+00 -1.000000000000000000e+00
3.121476790968186378e+03 -1.000000000000000000e+00 -1.000000000000000000e+00
3.136316941337389835e+03 -1.000000000000000000e+00 -1.000000000000000000e+00
3.151227644870275071e+03 -1.000000000000000000e+00 -1.000000000000000000e+00
3.166209236991278885e+03 -1.000000000000000000e+00 -1.000000000000000000e+00
3.181262054719491971e+03 -1.000000000000000000e+00 -1.000000000000000000e+00
3.196386436676282301e+03 -1.000000000000000000e+00 -1.000000000000000000e+00
3.211582723092893957e+03 -1.000000000000000000e+00 -1.000000000000000000e+00
3.226851255818082336e+03 -1.000000000000000000e+00 -1.000000000000000000e+00
3.242192378325849404e+03 -1.000000000000000000e+00 -1.000000000000000000e+00
3.257606435723116192e+03 -1.000000000000000000e+00 -1.000000000000000000e+00
3.273093774757535812e+03 -1.000000000000000000e+00 -1.000000000000000000e+00
3.288654743825269634e+03 0.000000000000000000e+00 4.827852315715708101e-18
3.304289692978808944e+03 2.268716892525602881e-18 3.108617146487121685e-18
3.319998973934893456e+03 2.182678892154103224e-18 3.229153029976306055e-18
3.335782940082369350e+03 2.530203268296190200e-18 1.961251919797261770e-18
3.351641946490189639e+03 1.774914904756461533e-18 4.361756511766327847e-18
3.367576349915376341e+03 1.075019589294285843e-18 3.434580728250342141e-18
3.383586508811030399e+03 1.448051964065485795e-18 2.062527339433021184e-18
3.399672783334432552e+03 2.094529617973301497e-18 1.571864316297929885e-18
3.415835535355126467e+03 1.548998628531000247e-18 1.561165356171657594e-18
3.432075128463039619e+03 4.920145415553064723e-18 1.498348429542542512e-18
3.448391927976707848e+03 4.504405571980159585e-18 1.777256091066683064e-18
3.464786300951438989e+03 1.273153161056685391e-18 1.859056752256995682e-18
3.481258616187628377e+03 2.465435623484463899e-18 1.525218278269668441e-18
3.497809244238994779e+03 2.551530150673445409e-18 1.186071325949143813e-18
3.514438557420969573e+03 2.174192885663811477e-18 1.086471972075972504e-18
3.531146929819047273e+03 4.110121712621306629e-18 1.031332361727527205e-18
3.547934737297183347e+03 2.999578298339191502e-18 9.301438729393111210e-19
3.564802357506288899e+03 2.371558820117646829e-18 8.488901485369159713e-19
3.581750169892705799e+03 1.281671423335014123e-18 9.419793545743247671e-19
3.598778555706723182e+03 1.615051678975725995e-18 1.071893226826941929e-18
3.615887898011199013e+03 1.967067952497442070e-18 9.904872294045218599e-19
3.633078581690126157e+03 2.279213485010816317e-18 9.843446933308641079e-19
3.650350993457343520e+03 8.762193955665763782e-19 1.102364120066171920e-18
3.667705521865178980e+03 1.094827947060933388e-18 1.049950180132063558e-18
3.685142557313240104e+03 2.338837130358896611e-18 7.048746257747301311e-19
3.702662492057178497e+03 2.304051168310681704e-18 6.426494061244046733e-19
3.720265720217485068e+03 3.502018487658763935e-18 6.094507010880141258e-19
3.737952637788406719e+03 2.002498647315393229e-18 6.103232599010689612e-19
3.755723642646826647e+03 2.916504071510448882e-18 5.997561160368735332e-19
3.773579134561196952e+03 2.109482771188089557e-18 6.382057549340983634e-19
3.791519515200582646e+03 3.224143163856555283e-18 6.805882370001008727e-19
3.809545188143635642e+03 5.139182608409890564e-18 6.988973021068014431e-19
3.827656558887735173e+03 3.253782414552527741e-18 6.535286938269474612e-19
3.845854034858049999e+03 4.463992816880434479e-18 6.021163595231185904e-19
3.864138025416754317e+03 2.759697655931538698e-18 5.333168119058939088e-19
3.882508941872216383e+03 3.951381549796989665e-18 4.962878364805240019e-19
3.900967197488228067e+03 2.276242406577826424e-18 4.928485143736506288e-19
3.919513207493342634e+03 3.112727144691595660e-18 4.364431005033694034e-19
3.938147389090202068e+03 4.491029313242688529e-18 4.580489254570004748e-19
3.956870161464886223e+03 3.621358832967446878e-18 4.320338782191986615e-19
3.975681945796411583e+03 3.857129965958105920e-18 4.803994193583763923e-19
3.994583165266129981e+03 2.623503725816526441e-18 4.974243043088179376e-19
4.013574245067319225e+03 3.218541126649158410e-18 5.216305472950954630e-19
4.032655612414684128e+03 4.090441920349583111e-18 5.197966989884484883e-19
4.051827696554018530e+03 4.359593974727916586e-18 5.171264118746911037e-19
4.071090928771840936e+03 4.129874034670825299e-18 4.814556324185727491e-19
4.090445742405073815e+03 3.787227646439794144e-18 4.318427854764047751e-19
4.109892572850832948e+03 4.485168084446428273e-18 4.137185373165768339e-19
4.129431857576209040e+03 3.332084501681632308e-18 4.003796521429200803e-19
4.149064036128072075e+03 4.158543743573939530e-18 4.084380038139192755e-19
4.168789550143025735e+03 4.740171529234345118e-18 4.132183831625334705e-19
4.188608843357272235e+03 4.495258816543938711e-18 4.210813944155062862e-19
4.208522361616649505e+03 4.494731302947199387e-18 4.264308732305034720e-19
4.228530552886646547e+03 4.998733065237029144e-18 4.352146198284877026e-19
4.248633867262442436e+03 5.945334403063364853e-18 4.357593328989044042e-19
4.268832756979097212e+03 4.091074008586040014e-18 4.209799537785927839e-19
4.289127676421659089e+03 4.924762302518924479e-18 4.171830806096636824e-19
4.309519082135439930e+03 4.407870555030096287e-18 3.822038392721012499e-19
4.330007432836264343e+03 4.247243954767573998e-18 3.462210582568636646e-19
4.350593189420763338e+03 4.333256257825242170e-18 3.392856864013913033e-19
4.371276814976797141e+03 4.963840602452307033e-18 3.297632357039754719e-19
4.392058774793810699e+03 4.855402582402018847e-18 3.409475841355367883e-19
4.412939536373356532e+03 3.814046922406475845e-18 3.481509489715918615e-19
4.433919569439587576e+03 5.294797116213113910e-18 3.579298919568886107e-19
4.454999345949795497e+03 6.005114356039152130e-18 3.713679072147406066e-19
4.476179340105090887e+03 6.724981386587829442e-18 3.835968477239971412e-19
4.497460028361001605e+03 6.026595090962617384e-18 3.840308068856238466e-19
4.518841889438248472e+03 6.200644660018223465e-18 3.999185163282408724e-19
4.540325404333490951e+03 5.454285533384166419e-18 4.216108117770709980e-19
4.561911056330120118e+03 6.511649472596054321e-18 3.682972325894234271e-19
4.583599331009193520e+03 6.333104635048531862e-18 3.359166789265003787e-19
4.605390716260285444e+03 5.816865236810275565e-18 3.232884768484731523e-19
4.627285702292524547e+03 6.587600017948819194e-18 3.067410643960943101e-19
4.649284781645598741e+03 6.728203139794055101e-18 3.055678654204043515e-19
4.671388449200801006e+03 6.057312728411891160e-18 3.062730850221778079e-19
4.693597202192232544e+03 6.915166284097927056e-18 3.106484795677426983e-19
4.715911540217912261e+03 6.562830427901962798e-18 3.137113998672371798e-19
4.738331965251077236e+03 6.247880003654071728e-18 3.174380096432494138e-19
4.760858981651452268e+03 6.483519013537167620e-18 3.233546623702514127e-19
4.783493096176563085e+03 6.821502257156580342e-18 3.270490676149570651e-19
4.806234817993196884e+03 7.405252957377369220e-18 3.729845278452709415e-19
4.829084658688823765e+03 5.563420631212434606e-18 3.676251317183038887e-19
4.852043132283080013e+03 7.530035156967825501e-18 3.253200294959944604e-19
4.875110755239395075e+03 7.215999158803017014e-18 2.970183079796070768e-19
4.898288046476534873e+03 6.757286413439654018e-18 2.731915638157272043e-19
4.921575527380353378e+03 7.580189845876067404e-18 2.682270177217146470e-19
4.944973721815440513e+03 7.580082507357966328e-18 2.633882619135074751e-19
4.968483156136977414e+03 6.997804790388897418e-18 2.596211316093060806e-19
4.992104359202549858e+03 6.919938389098907288e-18 2.651893649662738333e-19
5.015837862384007167e+03 7.710968227698318775e-18 2.777226365680922439e-19
5.039684199579487540e+03 7.836353405375748971e-18 2.838718230802809207e-19
5.063643907225387011e+03 8.473965957742164380e-18 2.757625891287836972e-19
5.087717524308403881e+03 7.727609361291321801e-18 2.769035191286630587e-19
5.111905592377734138e+03 7.830252931465082344e-18 2.780811419662161913e-19
5.136208655557164093e+03 8.162793911329263272e-18 3.501656494892869117e-19
5.160627260557404952e+03 8.866408852064918585e-18 3.095451031863557456e-19
5.185161956688301871e+03 8.571202810003226500e-18 3.004782150295046167e-19
5.209813295871262198e+03 8.834891298767807093e-18 2.581545387141225873e-19
5.234581832651644618e+03 8.902263421869680696e-18 2.481165707889225529e-19
5.259468124211199211e+03 8.775369966851679129e-18 2.382156580343563505e-19
5.284472730380667599e+03 8.798254736687402684e-18 3.094721960538112148e-19
5.309596213652340339e+03 -1.000000000000000000e+00 -1.000000000000000000e+00
5.334839139192684343e+03 -1.000000000000000000e+00 -1.000000000000000000e+00
5.360202074855125829e+03 -1.000000000000000000e+00 -1.000000000000000000e+00
5.385685591192744141e+03 -1.000000000000000000e+00 -1.000000000000000000e+00
5.411290261471187478e+03 -1.000000000000000000e+00 -1.000000000000000000e+00
5.437016661681485857e+03 -1.000000000000000000e+00 -1.000000000000000000e+00
5.462865370553082357e+03 -1.000000000000000000e+00 -1.000000000000000000e+00
5.488836969566823427e+03 -1.000000000000000000e+00 -1.000000000000000000e+00
5.514932042967998314e+03 -1.000000000000000000e+00 -1.000000000000000000e+00
5.541151177779557656e+03 -1.000000000000000000e+00 -1.000000000000000000e+00
5.567494963815280244e+03 -1.000000000000000000e+00 -1.000000000000000000e+00
5.593963993693007069e+03 -1.000000000000000000e+00 -1.000000000000000000e+00
5.620558862848053650e+03 -1.000000000000000000e+00 -1.000000000000000000e+00
5.647280169546515026e+03 -1.000000000000000000e+00 -1.000000000000000000e+00
5.674128514898810863e+03 1.292026750728333260e-17 2.565326304744466253e-18
5.701104502873122328e+03 1.265766288634074169e-17 5.633288356255266857e-19
5.728208740309051791e+03 1.182094410223301460e-17 7.709618508531842695e-19
5.755441836931246144e+03 1.204731090718175060e-17 7.037656079499805265e-19
5.782804405363072874e+03 1.227416008901811678e-17 5.704244864402000308e-19
5.810297061140477126e+03 1.248104376250724626e-17 4.910810938700452984e-19
5.837920422725786921e+03 1.271717782751304277e-17 4.652988170814153856e-19
5.865675111521594772e+03 1.288432674738157086e-17 5.675686972474922156e-19
5.893561751884816658e+03 1.251428047446821097e-17 5.525362077480161228e-19
5.921580971140646398e+03 1.154369585103546029e-17 5.162811579424436816e-19
5.949733399596757408e+03 1.236977697787801283e-17 5.992344214344116331e-19
5.978019670557388963e+03 1.304265589273662043e-17 4.826556272777496181e-19
6.006440420337679825e+03 1.288189119044405467e-17 4.268210587770833220e-19
6.034996288277939129e+03 1.295606805876713008e-17 3.912467778849431905e-19
6.063687916758000028e+03 1.318450374403793134e-17 3.742298907189170799e-19
6.092515951211737047e+03 1.320364888916805530e-17 3.880840525813800507e-19
6.121481040141554331e+03 1.301505063101986133e-17 3.924163828027264204e-19
6.150583835132932109e+03 1.318509131211712566e-17 4.310038219856558610e-19
6.179824990869174144e+03 1.489542814760952050e-17 4.434250204307098475e-19
6.209205165146034233e+03 1.313882516919729810e-17 3.899999882560104542e-19
6.238725018886603721e+03 1.332825888307161942e-17 3.565090605122009483e-19
6.268385216156138995e+03 1.337202914884496948e-17 3.249884550875601526e-19
6.298186424176960827e+03 1.281355414126333476e-17 4.062526203857238847e-19
6.328129313343556532e+03 1.370819244379266728e-17 3.629599287412510558e-19
6.358214557237558438e+03 1.280158692935761525e-17 4.520087951120807639e-19
6.388442832642982466e+03 1.404077993279605258e-17 3.533505480765911871e-19
6.418814819561416698e+03 1.441366571500197174e-17 3.694200539308327522e-19
6.449331201227280872e+03 1.431494700682792179e-17 3.301278679661238555e-19
6.479992664123285067e+03 1.442528668186233934e-17 2.953028769187223661e-19
6.510799897995768333e+03 1.393990279824064613e-17 2.783510951285152606e-19
6.541753595870306526e+03 1.338938585336580741e-17 2.893021735392033809e-19
6.572854454067261941e+03 1.337203549197307816e-17 2.836068691378493234e-19
6.604103172217414794e+03 1.325062315121464895e-17 2.952322108666539298e-19
6.635500453277782071e+03 1.393602247477468365e-17 2.615512388861960502e-19
6.667047003547335407e+03 1.507606031950759669e-17 3.185037923614124226e-19
6.698743532682974546e+03 1.535578334532000035e-17 2.827538859987740920e-19
6.730590753715463507e+03 1.550368461839312369e-17 2.513443217505148590e-19
6.762589383065413131e+03 1.431694260608250137e-17 2.339059109306233847e-19
6.794740140559511929e+03 1.458633120420740841e-17 2.244213115031285317e-19
6.827043749446587753e+03 1.370419900786419630e-17 2.648287593738198323e-19
6.859500936413994168e+03 1.479155342201594833e-17 2.661810596323774397e-19
6.892112431603904042e+03 1.446883652684207342e-17 2.648294914750267869e-19
6.924878968629698647e+03 1.532166380308606286e-17 2.484230451746198083e-19
6.957801284592562297e+03 1.526221314741515242e-17 2.872784656018015061e-19
6.990880120097957843e+03 1.589843214814999918e-17 2.387972325064154474e-19
7.024116219272383205e+03 1.605512672972994077e-17 2.145741077364262170e-19
7.057510329780066968e+03 1.660867716238630603e-17 2.011942776966271959e-19
7.091063202839749465e+03 1.620331955243631123e-17 1.922943895091560793e-19
7.124775593241660317e+03 1.624466760368999822e-17 1.954672485383848434e-19
7.158648259364461410e+03 1.712486169448764727e-17 2.021756106654312604e-19
7.192681963192260810e+03 1.761425081980351209e-17 2.091157103866102065e-19
7.226877470331854965e+03 1.649540522891918703e-17 2.503048307252638426e-19
7.261235550029838123e+03 1.739185900788953413e-17 2.980135184788412548e-19
7.295756975190018238e+03 1.709674021166839513e-17 2.632779290393218287e-19
7.330442522390694648e+03 1.759581272688333360e-17 2.372184877394660317e-19
7.365292971902219506e+03 1.783411631514914702e-17 2.143782080756268195e-19
7.400309107704518283e+03 1.813795695311306708e-17 1.972007511872263631e-19
7.435491717504673943e+03 1.882679183374431624e-17 1.933055177588416341e-19
7.470841592754737576e+03 1.887597163568202149e-17 2.130396194113543307e-19
7.506359528669483552e+03 1.902282007122472239e-17 2.364442339467995690e-19
7.542046324244267453e+03 1.991787084510444460e-17 2.052468780251045883e-19
7.577902782273087723e+03 1.996918652092166479e-17 1.680475973713703595e-19
7.613929709366530915e+03 1.958344646805304054e-17 1.717658889238529372e-19
7.650127915970047070e+03 1.989670411885548877e-17 1.764051517782879049e-19
7.686498216382045030e+03 1.917868269137033201e-17 2.306851689633231575e-19
7.723041428772323343e+03 2.008013295610923911e-17 2.154499360416296659e-19
7.759758375200432965e+03 2.043270886328043742e-17 2.206795194225559524e-19
7.796649881634122721e+03 2.076944091250967399e-17 2.118660813335428117e-19
7.833716777968003043e+03 2.114269323554785078e-17 2.526777723236129629e-19
7.870959898042184250e+03 2.149168239540481036e-17 2.428751964478259873e-19
7.908380079660973934e+03 2.189452399676596373e-17 2.577205435843061119e-19
7.945978164611841748e+03 2.193068378610158741e-17 2.330007915390146476e-19
7.983754998684224120e+03 2.137516909049788097e-17 2.441645521618548512e-19
8.021711431688682751e+03 2.114136487613298129e-17 2.076206430578007784e-19
8.059848317475888507e+03 2.126748483584687552e-17 1.762071942352536807e-19
8.098166513955948176e+03 2.115596109870416494e-17 1.558283717316808856e-19
8.136666883117648467e+03 2.145715144295515212e-17 1.464186634819317622e-19
8.175350291047803694e+03 2.129936068772680205e-17 1.443228305040941118e-19
8.214217607950831734e+03 2.130915398746768876e-17 1.493657365052520418e-19
8.253269708168287252e+03 2.026509388448756446e-17 2.088385865858259647e-19
8.292507470198474039e+03 1.960853639650609302e-17 2.149371967799922590e-19
8.331931776716324748e+03 1.963738034715837629e-17 1.969967942921142774e-19
8.371543514593129657e+03 1.988503841518291327e-17 2.218027494603840911e-19
8.411343574916614671e+03 1.958898590329099961e-17 2.206888965839197557e-19
8.451332853010855615e+03 1.949912858417562213e-17 2.058268184620445638e-19
8.491512248456532689e+03 1.996648398719653573e-17 1.792421068254740461e-19
8.531882665111128517e+03 1.971694184024038688e-17 1.506433561558710375e-19
8.572445011129188060e+03 1.956506514315098095e-17 1.390316716341039463e-19
8.613200198982875008e+03 1.889861606402793582e-17 1.762935645784774544e-19
8.654149145482428139e+03 1.971009341958883536e-17 1.765278778937081073e-19
8.695292771796750458e+03 2.035513628264782212e-17 1.515234922031605314e-19
8.736632003474231169e+03 2.022170555097004763e-17 2.320587623556461749e-19
8.778167770463445777e+03 2.073329165328804064e-17 1.588743562802887521e-19
8.819901007134192696e+03 2.078934062619428264e-17 2.242723710335141897e-19
8.861832652298457106e+03 2.018579531745714662e-17 2.117997554777423733e-19
8.903963649231474847e+03 2.044949498779763742e-17 2.146766238669563970e-19
8.946294945693087357e+03 2.079997108745915405e-17 1.579286077881721901e-19
8.988827493948907431e+03 2.061791348241643587e-17 1.692895646318956362e-19
9.031562250791870611e+03 2.092921131661720709e-17 1.498258152238520642e-19
9.074500177563704710e+03 2.135238126616527991e-17 1.373979861081658153e-19
9.117642240176504856e+03 2.096434477175416868e-17 1.342599861241465877e-19
9.160989409134583184e+03 2.112573149640688420e-17 1.445488938184125552e-19
9.204542659556162107e+03 2.151942995839269372e-17 1.629281039610069611e-19
9.248302971195427745e+03 2.066753587166454549e-17 1.460810241829810373e-19
9.292271328464526960e+03 1.923026097309713819e-17 2.592726714200021500e-19
9.336448720455649891e+03 2.141301484141891797e-17 2.370595460249038702e-19
9.380836140963412618e+03 2.117027916101927888e-17 2.229821437301589063e-19
9.425434588507056105e+03 2.228678478041250001e-17 2.382713984775850085e-19
9.470245066353052607e+03 2.289400923102088847e-17 2.296290241406365972e-19
9.515268582537613838e+03 2.242997809506651825e-17 2.104297068052177091e-19
9.560506149889302833e+03 2.254264876016695897e-17 2.010748285418826974e-19
9.605958786051958668e+03 2.244952936688157506e-17 1.924315340611547521e-19
9.651627513507435651e+03 2.249668161319695815e-17 2.437791402051742398e-19
9.697513359598737225e+03 2.287306561652174098e-17 2.823460220353163880e-19
9.743617356553064383e+03 2.351325272726724185e-17 2.238393767558939745e-19
9.789940541504993234e+03 2.237521056137800032e-17 8.224480768939097599e-19
9.836483956519919957e+03 -1.000000000000000000e+00 -1.000000000000000000e+00
9.883248648617365689e+03 -1.000000000000000000e+00 -1.000000000000000000e+00
9.930235669794657952e+03 -1.000000000000000000e+00 -1.000000000000000000e+00
9.977446077050535678e+03 -1.000000000000000000e+00 -1.000000000000000000e+00
1.002488093240887429e+04 -1.000000000000000000e+00 -1.000000000000000000e+00
1.007254130294269999e+04 2.586032917689117487e-17 5.582651092934966384e-18
1.012042826079808401e+04 2.719057105199374935e-17 3.199994481722737152e-18
1.016854288321830427e+04 2.767503648227778002e-17 2.812143245708301545e-18
1.021688625256812156e+04 2.998896091035061600e-17 1.774747227358043354e-18
1.026545945635800672e+04 3.079509573930246728e-17 1.785136398311280016e-18
1.031426358726875696e+04 3.127310786987195135e-17 1.407252743525667914e-18
1.036329974317596316e+04 3.037830275254024553e-17 1.182438290969314670e-18
1.041256902717473713e+04 2.893141176447438816e-17 9.687259595473247867e-19
1.046207254760458272e+04 2.897357875482048442e-17 7.976922323862133953e-19
1.051181141807420499e+04 2.949961320979880689e-17 6.969820923620377139e-19
1.056178675748671412e+04 2.911527232631807200e-17 6.970581854900956866e-19
1.061199969006466745e+04 2.968326942257500475e-17 7.492413268121144544e-19
1.066245134537541708e+04 3.071423934784352351e-17 8.202929895420193915e-19
1.071314285835655573e+04 3.265476276769293199e-17 1.191638155489118799e-18
1.076407536934132986e+04 3.131412875691646727e-17 7.992488686636747615e-19
1.081525002408444197e+04 3.325944820789419205e-17 1.059046660072603766e-18
1.086666797378770571e+04 3.349983716670931251e-17 6.740802499013197328e-19
1.091833037512599367e+04 3.246843953753720710e-17 8.442373813441846016e-19
1.097023839027329086e+04 3.189386527575288024e-17 8.426071746755787866e-19
1.102239318692872257e+04 3.275020030391379445e-17 8.012467864838052912e-19
1.107479593834297702e+04 3.358873107009432445e-17 7.389463629041623778e-19
1.112744782334457705e+04 3.366595266215227758e-17 6.709263210547400614e-19
1.118035002636643912e+04 3.249659396235280886e-17 7.363511629981242790e-19
1.123350373747256890e+04 3.341027821256629317e-17 5.812900988607520974e-19
1.128691015238469845e+04 3.378504187506516912e-17 7.701767981074137325e-19
1.134057047250935648e+04 3.183121406118555544e-17 6.079374421570623841e-19
1.139448590496476027e+04 3.145183165168462166e-17 7.653087730168107665e-19
1.144865766260801502e+04 3.042326151468444857e-17 6.197406896396799885e-19
1.150308696406245326e+04 2.918220511335494032e-17 7.170964787652176822e-19
1.155777503374490880e+04 2.867610705100542802e-17 8.270034657732355906e-19
1.161272310189343443e+04 2.768356058083260288e-17 7.114963879673996240e-19
1.166793240459484514e+04 2.751919847400543606e-17 7.717635482094740300e-19
1.172340418381256313e+04 2.712694732206558578e-17 5.441283079462731766e-19
1.177913968741461395e+04 2.585566084283510244e-17 5.010328296039719230e-19
1.183514016920156791e+04 2.555737585675591149e-17 4.587884594158859736e-19
1.189140688893490187e+04 2.524263905920842002e-17 4.119503449031090287e-19
1.194794111236521712e+04 2.562219771197659761e-17 5.976656910345878717e-19
1.200474411126075574e+04 2.426233026964420520e-17 7.385398063953064539e-19
1.206181716343605694e+04 2.274526238986875532e-17 4.726968532846892867e-19
1.211916155278057522e+04 2.374420972729270955e-17 8.432016609277114362e-19
1.217677856928772417e+04 2.286175058687499877e-17 7.702424306413705184e-19
1.223466950908376748e+04 2.392413212940927908e-17 8.168801022075295318e-19
1.229283567445702283e+04 2.356029884744591952e-17 6.565042670389529527e-19
1.235127837388720764e+04 2.267411982491958942e-17 4.206271737833094666e-19
1.240999892207473749e+04 2.220377427938484793e-17 4.454114620327412420e-19
1.246899863997047214e+04 2.204014050937677337e-17 4.384070002859021478e-19
1.252827885480529767e+04 2.039475859539898742e-17 4.081692169858641826e-19
1.258784090012003435e+04 1.709345408590400370e-17 5.552182257725268822e-19
1.264768611579548087e+04 1.666393626780600118e-17 8.871699103005797402e-19
1.270781584808242042e+04 1.717350085794300347e-17 7.312312592797428840e-19
1.276823144963208142e+04 2.017021331243627377e-17 8.377296280670497537e-19
1.282893427952642742e+04 1.955126405490594309e-17 6.077168329666821888e-19
1.288992570330878152e+04 1.961305711235294459e-17 7.884040444894326253e-19
1.295120709301459283e+04 1.847073999406506082e-17 3.980646176707919450e-19
1.301277982720216278e+04 1.801707787038738088e-17 5.725180525420021213e-19
1.307464529098383537e+04 1.757768133389999990e-17 1.121422526189558295e-18
1.313680487605702183e+04 -1.000000000000000000e+00 -1.000000000000000000e+00
1.319925998073554183e+04 -1.000000000000000000e+00 -1.000000000000000000e+00
1.326201200998113563e+04 -1.000000000000000000e+00 -1.000000000000000000e+00
1.332506237543498901e+04 -1.000000000000000000e+00 -1.000000000000000000e+00
1.338841249544952552e+04 -1.000000000000000000e+00 -1.000000000000000000e+00
1.345206379512032436e+04 -1.000000000000000000e+00 -1.000000000000000000e+00
1.351601770631813997e+04 -1.000000000000000000e+00 -1.000000000000000000e+00
1.358027566772118189e+04 -1.000000000000000000e+00 -1.000000000000000000e+00
1.364483912484740722e+04 -1.000000000000000000e+00 -1.000000000000000000e+00
1.370970953008706056e+04 -1.000000000000000000e+00 -1.000000000000000000e+00
1.377488834273536850e+04 -1.000000000000000000e+00 -1.000000000000000000e+00
1.384037702902532328e+04 -1.000000000000000000e+00 -1.000000000000000000e+00
1.390617706216074839e+04 -1.000000000000000000e+00 -1.000000000000000000e+00
1.397228992234933321e+04 -1.000000000000000000e+00 -1.000000000000000000e+00
1.403871709683600056e+04 -1.000000000000000000e+00 -1.000000000000000000e+00
1.410546007993634521e+04 -1.000000000000000000e+00 -1.000000000000000000e+00
1.417252037307023784e+04 -1.000000000000000000e+00 -1.000000000000000000e+00
1.423989948479564737e+04 -1.000000000000000000e+00 -1.000000000000000000e+00
1.430759893084250325e+04 -1.000000000000000000e+00 -1.000000000000000000e+00
1.437562023414683244e+04 2.373592146104520849e-17 2.466268126733425142e-19
1.444396492488506738e+04 2.280998552344649427e-17 1.964024665610767809e-19
1.451263454050832661e+04 2.252035351518125174e-17 4.064945843674469499e-19
1.458163062577718301e+04 2.127099499541982855e-17 3.721431330911162188e-19
1.465095473279626640e+04 2.095936273085431082e-17 4.389421730071569800e-19
1.472060842104924268e+04 2.007090944714224024e-17 3.958942578999774926e-19
1.479059325743394038e+04 1.965047937275172427e-17 5.629001439735319253e-19
1.486091081629744076e+04 1.931244072103043634e-17 5.538253776476198323e-19
1.493156267947170636e+04 2.013188118875931992e-17 2.048960189291351469e-19
1.500255043630899854e+04 2.122382752248388928e-17 6.041633829535124069e-19
1.507387568371768975e+04 2.178596321574999612e-17 3.261570694987269713e-19
1.514554002619824678e+04 2.103048766797226796e-17 3.778680535915009455e-19
1.521754507587915577e+04 2.114984238678151170e-17 2.921147138640680317e-19
1.528989245255341484e+04 2.137235163918570926e-17 2.171506939306772797e-19
1.536258378371478466e+04 2.172693661463917054e-17 4.723698636453354235e-19
1.543562070459447023e+04 2.267542506011219673e-17 2.886809198452878054e-19
1.550900485819797359e+04 2.253659917937048970e-17 4.213623198948879879e-19
1.558273789534186835e+04 2.247039264456779431e-17 4.823396251828511000e-19
1.565682147469117444e+04 2.327823426813468321e-17 2.902650711537150753e-19
1.573125726279648188e+04 2.374627670148879826e-17 2.931985100119880966e-19
1.580604693413150926e+04 2.400842891610886646e-17 4.419891105997889214e-19
1.588119217113083505e+04 2.310608885960079621e-17 2.205960999307140561e-19
1.595669466422757250e+04 2.284854064955365793e-17 4.069271750358999512e-19
1.603255611189161573e+04 2.304013132014715273e-17 2.001146999354533784e-19
1.610877822066767112e+04 2.180346575411951073e-17 1.947199070353135063e-19
1.618536270521371989e+04 2.216902797990078081e-17 4.349017206107961218e-19
1.626231128833965158e+04 2.070277573085814031e-17 2.794734623089838695e-19
1.633962570104582301e+04 2.005375892599457372e-17 3.719126522777849498e-19
1.641730768256225565e+04 1.908298311104488344e-17 2.975247299155608688e-19
1.649535898038756932e+04 1.918444034243888589e-17 3.008365943134972672e-19
1.657378135032833961e+04 1.801411073018473010e-17 1.660067949085574711e-19
1.665257655653869733e+04 1.806532696538931596e-17 3.981597130818551871e-19
1.673174637155979144e+04 1.716953987544285352e-17 1.883446559476837455e-19
1.681129257635994145e+04 1.729283154127424120e-17 1.867694629870246059e-19
1.689121696037448055e+04 1.643160185636259500e-17 3.229181084249411427e-19
1.697152132154608626e+04 1.658194081163984787e-17 2.285193301702796340e-19
1.705220746636530021e+04 1.654698098122651396e-17 3.855608454180754600e-19
1.713327720991098977e+04 1.641809866485851746e-17 2.073656009837412974e-19
1.721473237589139171e+04 1.621953797485588351e-17 2.808215813212171140e-19
1.729657479668495580e+04 1.620052902170657005e-17 2.357805470006251035e-19
1.737880631338165767e+04 1.539666059349179078e-17 2.926752569747447857e-19
1.746142877582446090e+04 1.564235810176087022e-17 2.034029093614202941e-19
1.754444404265073899e+04 1.529623052069855928e-17 1.075257991596628429e-19
1.762785398133434865e+04 1.559346369491999966e-17 2.944285123490950153e-19
1.771166046822742283e+04 1.432653502653785541e-17 1.313898480962053998e-19
1.779586538860266955e+04 1.481866237167446830e-17 1.943320297271784930e-19
1.788047063669585259e+04 1.424281853336969801e-17 2.771022755886336877e-19
1.796547811574818479e+04 -1.000000000000000000e+00 -1.000000000000000000e+00
1.805088973804943453e+04 -1.000000000000000000e+00 -1.000000000000000000e+00
1.813670742498069740e+04 -1.000000000000000000e+00 -1.000000000000000000e+00
1.822293310705772456e+04 -1.000000000000000000e+00 -1.000000000000000000e+00
1.830956872397442203e+04 -1.000000000000000000e+00 -1.000000000000000000e+00
1.839661622464625907e+04 -1.000000000000000000e+00 -1.000000000000000000e+00
1.848407756725440049e+04 -1.000000000000000000e+00 -1.000000000000000000e+00
1.857195471928951883e+04 -1.000000000000000000e+00 -1.000000000000000000e+00
1.866024965759617407e+04 -1.000000000000000000e+00 -1.000000000000000000e+00
1.874896436841730247e+04 -1.000000000000000000e+00 -1.000000000000000000e+00
1.883810084743873813e+04 -1.000000000000000000e+00 -1.000000000000000000e+00
1.892766109983434580e+04 -1.000000000000000000e+00 -1.000000000000000000e+00
1.901764714031094263e+04 -1.000000000000000000e+00 -1.000000000000000000e+00
1.910806099315365282e+04 -1.000000000000000000e+00 -1.000000000000000000e+00
1.919890469227156427e+04 -1.000000000000000000e+00 -1.000000000000000000e+00
1.929018028124331249e+04 -1.000000000000000000e+00 -1.000000000000000000e+00
1.938188981336315192e+04 1.913562435297177136e-17 1.123318553512409883e-19
1.947403535168713279e+04 2.033218634565584636e-17 1.441509130089723549e-19
1.956661896907948540e+04 2.057672113179032589e-17 1.513988584702514100e-19
1.965964274825931716e+04 1.948977413348589907e-17 1.730107844898377009e-19
1.975310878184735702e+04 1.922855722239354681e-17 2.026267913050318980e-19
1.984701917241312185e+04 1.884497817444494061e-17 1.099319102084951760e-19
1.994137603252216650e+04 1.823834902148717689e-17 2.258934916921417900e-19
2.003618148478360672e+04 1.818316460932531782e-17 1.058968048609090188e-19
2.013143766189795133e+04 2.012540602430312447e-17 1.109361317996002554e-19
2.022714670670493797e+04 1.949222547241823732e-17 1.270623844229141485e-19
2.032331077223184548e+04 1.980922685624586339e-17 1.837441168102657950e-19
2.041993202174187536e+04 1.969276412126975304e-17 1.277766014948230197e-19
2.051701262878283160e+04 2.026138553296013323e-17 3.666515587851619840e-19
2.061455477723605509e+04 1.951326197549146532e-17 1.265204706648352003e-19
2.071256066136547815e+04 1.898224738132743982e-17 2.043977840428833091e-19
2.081103248586701739e+04 1.843454570492121420e-17 2.134827381648789982e-19
2.090997246591818475e+04 1.874961557400848817e-17 1.136465439379661213e-19
2.100938282722788790e+04 2.008055320810421609e-17 1.803096318033711079e-19
2.110926580608657605e+04 1.859233499330179661e-17 1.781997197455344803e-19
2.120962364941642591e+04 1.897170751164940244e-17 1.652441093025359789e-19
2.131045861482194596e+04 1.812127145862485264e-17 1.439001802718765763e-19
2.141177297064086451e+04 1.777191706068095226e-17 2.516548119098487326e-19
2.151356899599489770e+04 1.760863139401813020e-17 1.706155968326430364e-19
2.161584898084133965e+04 1.651535524290584923e-17 1.520492954418752989e-19
2.171861522602431432e+04 1.618201521323431912e-17 2.297685512392268695e-19
2.182187004332666038e+04 1.521034002873641743e-17 1.634949434147814016e-19
2.192561575552199429e+04 1.441748669107441888e-17 2.342992304560312176e-19
2.202985469642671160e+04 1.436943442796838899e-17 2.160774036927399442e-19
2.213458921095283222e+04 1.383774750950511357e-17 1.730581090225883358e-19
2.223982165516047826e+04 1.394567305329147742e-17 2.251475137501163920e-19
2.234555439631097397e+04 1.289234221236384231e-17 2.008952203929372649e-19
2.245178981292017488e+04 1.147014562653567317e-17 2.369840594424333428e-19
2.255853029481176418e+04 1.103714623609100997e-17 2.334757717172951182e-19
2.266577824317127306e+04 1.136588370390028023e-17 2.580615651040814961e-19
2.277353607059990100e+04 1.125053694987627959e-17 2.122111451773982173e-19
2.288180620116884165e+04 1.128967968706538531e-17 2.176097001136427647e-19
2.299059107047392536e+04 1.101238788066906607e-17 2.197889666279959620e-19
2.309989312569014146e+04 1.023676531979153012e-17 2.277423162424259482e-19
2.320971482562704114e+04 9.737537624223803547e-18 2.324392416752493433e-19
2.332005864078375453e+04 1.011320869634092415e-17 2.551849494075377631e-19
2.343092705340468819e+04 9.803336449609518227e-18 2.770887737464129344e-19
2.354232255753544814e+04 9.126593902204892274e-18 2.925456450956797849e-19
2.365424765907868277e+04 8.130769080206116377e-18 3.156341964158668605e-19
2.376670487585079900e+04 8.600689033429413731e-18 3.417817614156912234e-19
2.387969673763832179e+04 8.348302204018889193e-18 3.802753699758158118e-19
2.399322578625490860e+04 9.634484625963333438e-19 1.747190142615331267e-18
2.410729457559863658e+04 -1.000000000000000000e+00 -1.000000000000000000e+00
2.422190567170915529e+04 -1.000000000000000000e+00 -1.000000000000000000e+00
2.433706165282579241e+04 -1.000000000000000000e+00 -1.000000000000000000e+00
2.445276510944525216e+04 -1.000000000000000000e+00 -1.000000000000000000e+00
2.456901864438000121e+04 -1.000000000000000000e+00 -1.000000000000000000e+00
2.468582487281691647e+04 -1.000000000000000000e+00 -1.000000000000000000e+00
2.480318642237584936e+04 -1.000000000000000000e+00 -1.000000000000000000e+00
2.492110593316907762e+04 -1.000000000000000000e+00 -1.000000000000000000e+00
2.503958605786040425e+04 -1.000000000000000000e+00 -1.000000000000000000e+00
2.515862946172496959e+04 -1.000000000000000000e+00 -1.000000000000000000e+00
2.527823882270928516e+04 -1.000000000000000000e+00 -1.000000000000000000e+00
2.539841683149118762e+04 -1.000000000000000000e+00 -1.000000000000000000e+00
2.551916619154074942e+04 -1.000000000000000000e+00 -1.000000000000000000e+00
2.564048961918078203e+04 -1.000000000000000000e+00 -1.000000000000000000e+00
2.576238984364808130e+04 -1.000000000000000000e+00 -1.000000000000000000e+00
2.588486960715489113e+04 -1.000000000000000000e+00 -1.000000000000000000e+00
2.600793166495033074e+04 -1.000000000000000000e+00 -1.000000000000000000e+00
2.613157878538271689e+04 -1.000000000000000000e+00 -1.000000000000000000e+00
2.625581374996158775e+04 -1.000000000000000000e+00 -1.000000000000000000e+00
2.638063935342032710e+04 -1.000000000000000000e+00 -1.000000000000000000e+00
2.650605840377919958e+04 -1.000000000000000000e+00 -1.000000000000000000e+00
2.663207372240817494e+04 -1.000000000000000000e+00 -1.000000000000000000e+00
2.675868814409080005e+04 -1.000000000000000000e+00 -1.000000000000000000e+00
2.688590451708765613e+04 -1.000000000000000000e+00 -1.000000000000000000e+00
2.701372570320056548e+04 -1.000000000000000000e+00 -1.000000000000000000e+00
2.714215457783704187e+04 -1.000000000000000000e+00 -1.000000000000000000e+00
2.727119403007469737e+04 -1.000000000000000000e+00 -1.000000000000000000e+00
2.740084696272662404e+04 -1.000000000000000000e+00 -1.000000000000000000e+00
2.753111629240637194e+04 -1.000000000000000000e+00 -1.000000000000000000e+00
2.766200494959367279e+04 -1.000000000000000000e+00 -1.000000000000000000e+00
2.779351587870047297e+04 -1.000000000000000000e+00 -1.000000000000000000e+00
2.792565203813696280e+04 -1.000000000000000000e+00 -1.000000000000000000e+00
2.805841640037826801e+04 -1.000000000000000000e+00 -1.000000000000000000e+00
2.819181195203127209e+04 -1.000000000000000000e+00 -1.000000000000000000e+00
2.832584169390178431e+04 -1.000000000000000000e+00 -1.000000000000000000e+00
2.846050864106217341e+04 -1.000000000000000000e+00 -1.000000000000000000e+00
2.859581582291896120e+04 -1.000000000000000000e+00 -1.000000000000000000e+00
2.873176628328117295e+04 -1.000000000000000000e+00 -1.000000000000000000e+00
2.886836308042870223e+04 -1.000000000000000000e+00 -1.000000000000000000e+00
2.900560928718113792e+04 -1.000000000000000000e+00 -1.000000000000000000e+00
2.914350799096696210e+04 -1.000000000000000000e+00 -1.000000000000000000e+00
2.928206229389285363e+04 -1.000000000000000000e+00 -1.000000000000000000e+00
2.942127531281357733e+04 -1.000000000000000000e+00 -1.000000000000000000e+00
2.956115017940208782e+04 -1.000000000000000000e+00 -1.000000000000000000e+00
2.970169004021991350e+04 -1.000000000000000000e+00 -1.000000000000000000e+00
2.984289805678810080e+04 -1.000000000000000000e+00 -1.000000000000000000e+00
2.998477740565812564e+04 -1.000000000000000000e+00 -1.000000000000000000e+00
3.012733127848347794e+04 -1.000000000000000000e+00 -1.000000000000000000e+00
3.027056288209143895e+04 -1.000000000000000000e+00 -1.000000000000000000e+00
3.041447543855518234e+04 -1.000000000000000000e+00 -1.000000000000000000e+00
3.055907218526638098e+04 -1.000000000000000000e+00 -1.000000000000000000e+00
3.070435637500784651e+04 -1.000000000000000000e+00 -1.000000000000000000e+00
3.085033127602679815e+04 -1.000000000000000000e+00 -1.000000000000000000e+00
3.099700017210851001e+04 -1.000000000000000000e+00 -1.000000000000000000e+00
3.114436636264982735e+04 -1.000000000000000000e+00 -1.000000000000000000e+00
3.129243316273384698e+04 -1.000000000000000000e+00 -1.000000000000000000e+00
3.144120390320412480e+04 -1.000000000000000000e+00 -1.000000000000000000e+00
3.159068193073974544e+04 -1.000000000000000000e+00 -1.000000000000000000e+00
3.174087060793072669e+04 -1.000000000000000000e+00 -1.000000000000000000e+00
3.189177331335331473e+04 -1.000000000000000000e+00 -1.000000000000000000e+00
3.204339344164643990e+04 -1.000000000000000000e+00 -1.000000000000000000e+00
3.219573440358772496e+04 -1.000000000000000000e+00 -1.000000000000000000e+00
3.234879962617033016e+04 -1.000000000000000000e+00 -1.000000000000000000e+00
3.250259255268019115e+04 -1.000000000000000000e+00 -1.000000000000000000e+00
3.265711664277310774e+04 -1.000000000000000000e+00 -1.000000000000000000e+00
3.281237537255304051e+04 -1.000000000000000000e+00 -1.000000000000000000e+00
3.296837223464994167e+04 -1.000000000000000000e+00 -1.000000000000000000e+00
3.312511073829844099e+04 -1.000000000000000000e+00 -1.000000000000000000e+00
3.328259440941694629e+04 -1.000000000000000000e+00 -1.000000000000000000e+00
3.344082679068656580e+04 -1.000000000000000000e+00 -1.000000000000000000e+00
3.359981144163130375e+04 -1.000000000000000000e+00 -1.000000000000000000e+00
3.375955193869773211e+04 -1.000000000000000000e+00 -1.000000000000000000e+00
3.392005187533560820e+04 -1.000000000000000000e+00 -1.000000000000000000e+00
3.408131486207882699e+04 -1.000000000000000000e+00 -1.000000000000000000e+00
3.424334452662627154e+04 -1.000000000000000000e+00 -1.000000000000000000e+00
3.440614451392390765e+04 -1.000000000000000000e+00 -1.000000000000000000e+00
3.456971848624637641e+04 -1.000000000000000000e+00 -1.000000000000000000e+00
3.473407012327956181e+04 -1.000000000000000000e+00 -1.000000000000000000e+00
3.489920312220346386e+04 -1.000000000000000000e+00 -1.000000000000000000e+00
3.506512119777499902e+04 -1.000000000000000000e+00 -1.000000000000000000e+00
3.523182808241206658e+04 -1.000000000000000000e+00 -1.000000000000000000e+00
3.539932752627711307e+04 -1.000000000000000000e+00 -1.000000000000000000e+00
3.556762329736162064e+04 -1.000000000000000000e+00 -1.000000000000000000e+00
3.573671918157107575e+04 -1.000000000000000000e+00 -1.000000000000000000e+00
3.590661898280963942e+04 -1.000000000000000000e+00 -1.000000000000000000e+00
3.607732652306631644e+04 -1.000000000000000000e+00 -1.000000000000000000e+00
3.624884564250047697e+04 -1.000000000000000000e+00 -1.000000000000000000e+00
3.642118019952842587e+04 -1.000000000000000000e+00 -1.000000000000000000e+00
3.659433407091032132e+04 -1.000000000000000000e+00 -1.000000000000000000e+00
3.676831115183696966e+04 -1.000000000000000000e+00 -1.000000000000000000e+00
3.694311535601802461e+04 -1.000000000000000000e+00 -1.000000000000000000e+00
3.711875061576953885e+04 -1.000000000000000000e+00 -1.000000000000000000e+00
3.729522088210264337e+04 -1.000000000000000000e+00 -1.000000000000000000e+00
3.747253012481253245e+04 -1.000000000000000000e+00 -1.000000000000000000e+00
3.765068233256737585e+04 -1.000000000000000000e+00 -1.000000000000000000e+00
3.782968151299856981e+04 -1.000000000000000000e+00 -1.000000000000000000e+00
3.800953169279046415e+04 -1.000000000000000000e+00 -1.000000000000000000e+00
3.819023691777111526e+04 -1.000000000000000000e+00 -1.000000000000000000e+00
3.837180125300342479e+04 -1.000000000000000000e+00 -1.000000000000000000e+00
3.855422878287620551e+04 -1.000000000000000000e+00 -1.000000000000000000e+00
3.873752361119654233e+04 -1.000000000000000000e+00 -1.000000000000000000e+00
3.892168986128173856e+04 -1.000000000000000000e+00 -1.000000000000000000e+00
3.910673167605222261e+04 -1.000000000000000000e+00 -1.000000000000000000e+00
3.929265321812484035e+04 -1.000000000000000000e+00 -1.000000000000000000e+00
3.947945866990615468e+04 -1.000000000000000000e+00 -1.000000000000000000e+00
3.966715223368701118e+04 -1.000000000000000000e+00 -1.000000000000000000e+00
3.985573813173666713e+04 -1.000000000000000000e+00 -1.000000000000000000e+00
4.004522060639791744e+04 -1.000000000000000000e+00 -1.000000000000000000e+00
4.023560392018267885e+04 -1.000000000000000000e+00 -1.000000000000000000e+00
4.042689235586760333e+04 -1.000000000000000000e+00 -1.000000000000000000e+00
4.061909021659059363e+04 -1.000000000000000000e+00 -1.000000000000000000e+00
4.081220182594757352e+04 -1.000000000000000000e+00 -1.000000000000000000e+00
4.100623152808968734e+04 -1.000000000000000000e+00 -1.000000000000000000e+00
4.120118368782121979e+04 -1.000000000000000000e+00 -1.000000000000000000e+00
4.139706269069750851e+04 -1.000000000000000000e+00 -1.000000000000000000e+00
4.159387294312376616e+04 -1.000000000000000000e+00 -1.000000000000000000e+00
4.179161887245419348e+04 -1.000000000000000000e+00 -1.000000000000000000e+00
4.199030492709150712e+04 -1.000000000000000000e+00 -1.000000000000000000e+00
4.218993557658716600e+04 -1.000000000000000000e+00 -1.000000000000000000e+00
4.239051531174170668e+04 -1.000000000000000000e+00 -1.000000000000000000e+00
4.259204864470587927e+04 -1.000000000000000000e+00 -1.000000000000000000e+00
4.279454010908216151e+04 -1.000000000000000000e+00 -1.000000000000000000e+00
4.299799426002667315e+04 -1.000000000000000000e+00 -1.000000000000000000e+00
4.320241567435181059e+04 -1.000000000000000000e+00 -1.000000000000000000e+00
4.340780895062897616e+04 -1.000000000000000000e+00 -1.000000000000000000e+00
4.361417870929216588e+04 -1.000000000000000000e+00 -1.000000000000000000e+00
4.382152959274189197e+04 -1.000000000000000000e+00 -1.000000000000000000e+00
4.402986626544956380e+04 -1.000000000000000000e+00 -1.000000000000000000e+00
4.423919341406256717e+04 -1.000000000000000000e+00 -1.000000000000000000e+00
4.444951574750948930e+04 -1.000000000000000000e+00 -1.000000000000000000e+00
4.466083799710610765e+04 -1.000000000000000000e+00 -1.000000000000000000e+00
4.487316491666207003e+04 -1.000000000000000000e+00 -1.000000000000000000e+00
4.508650128258728364e+04 -1.000000000000000000e+00 -1.000000000000000000e+00
4.530085189400002855e+04 -1.000000000000000000e+00 -1.000000000000000000e+00
4.551622157283443084e+04 -1.000000000000000000e+00 -1.000000000000000000e+00
4.573261516394905630e+04 -1.000000000000000000e+00 -1.000000000000000000e+00
4.595003753523614432e+04 -1.000000000000000000e+00 -1.000000000000000000e+00
4.616849357773058728e+04 -1.000000000000000000e+00 -1.000000000000000000e+00
4.638798820572059049e+04 -1.000000000000000000e+00 -1.000000000000000000e+00
4.660852635685772111e+04 -1.000000000000000000e+00 -1.000000000000000000e+00
4.683011299226817209e+04 -1.000000000000000000e+00 -1.000000000000000000e+00
4.705275309666455723e+04 -1.000000000000000000e+00 -1.000000000000000000e+00
4.727645167845751712e+04 -1.000000000000000000e+00 -1.000000000000000000e+00
4.750121376986904215e+04 -1.000000000000000000e+00 -1.000000000000000000e+00
4.772704442704517714e+04 -1.000000000000000000e+00 -1.000000000000000000e+00
4.795394873016991914e+04 -1.000000000000000000e+00 -1.000000000000000000e+00
4.818193178357973375e+04 -1.000000000000000000e+00 -1.000000000000000000e+00
4.841099871587781672e+04 -1.000000000000000000e+00 -1.000000000000000000e+00
4.864115468005013099e+04 -1.000000000000000000e+00 -1.000000000000000000e+00
4.887240485358084698e+04 -1.000000000000000000e+00 -1.000000000000000000e+00
4.910475443856893980e+04 -1.000000000000000000e+00 -1.000000000000000000e+00
4.933820866184546321e+04 -1.000000000000000000e+00 -1.000000000000000000e+00
4.957277277509056148e+04 -1.000000000000000000e+00 -1.000000000000000000e+00
4.980845205495231494e+04 -1.000000000000000000e+00 -1.000000000000000000e+00
5.004525180316487240e+04 -1.000000000000000000e+00 -1.000000000000000000e+00
5.028317734666792967e+04 -1.000000000000000000e+00 -1.000000000000000000e+00
5.052223403772679012e+04 -1.000000000000000000e+00 -1.000000000000000000e+00
5.076242725405216333e+04 -1.000000000000000000e+00 -1.000000000000000000e+00
5.100376239892186277e+04 -1.000000000000000000e+00 -1.000000000000000000e+00
5.124624490130184131e+04 -1.000000000000000000e+00 -1.000000000000000000e+00
5.148988021596843464e+04 -1.000000000000000000e+00 -1.000000000000000000e+00
5.173467382363137585e+04 -1.000000000000000000e+00 -1.000000000000000000e+00
5.198063123105644627e+04 -1.000000000000000000e+00 -1.000000000000000000e+00
5.222775797119011258e+04 -1.000000000000000000e+00 -1.000000000000000000e+00
5.247605960328337824e+04 -1.000000000000000000e+00 -1.000000000000000000e+00
5.272554171301712631e+04 -1.000000000000000000e+00 -1.000000000000000000e+00
5.297620991262792813e+04 -1.000000000000000000e+00 -1.000000000000000000e+00
5.322806984103371360e+04 -1.000000000000000000e+00 -1.000000000000000000e+00
5.348112716396137694e+04 -1.000000000000000000e+00 -1.000000000000000000e+00
5.373538757407364756e+04 -1.000000000000000000e+00 -1.000000000000000000e+00
5.399085679109736520e+04 -1.000000000000000000e+00 -1.000000000000000000e+00
5.424754056195235171e+04 -1.000000000000000000e+00 -1.000000000000000000e+00
5.450544466088008630e+04 -1.000000000000000000e+00 -1.000000000000000000e+00
5.476457488957440364e+04 -1.000000000000000000e+00 -1.000000000000000000e+00
5.502493707731136237e+04 -1.000000000000000000e+00 -1.000000000000000000e+00
5.528653708108061255e+04 -1.000000000000000000e+00 -1.000000000000000000e+00
5.554938078571738151e+04 -1.000000000000000000e+00 -1.000000000000000000e+00
5.581347410403424146e+04 -1.000000000000000000e+00 -1.000000000000000000e+00
5.607882297695488523e+04 -1.000000000000000000e+00 -1.000000000000000000e+00
5.634543337364715990e+04 -1.000000000000000000e+00 -1.000000000000000000e+00
5.661331129165762104e+04 -1.000000000000000000e+00 -1.000000000000000000e+00
5.688246275704658910e+04 -1.000000000000000000e+00 -1.000000000000000000e+00
5.715289382452314749e+04 -1.000000000000000000e+00 -1.000000000000000000e+00
5.742461057758212701e+04 -1.000000000000000000e+00 -1.000000000000000000e+00
5.769761912864035548e+04 -1.000000000000000000e+00 -1.000000000000000000e+00
5.797192561917431885e+04 -1.000000000000000000e+00 -1.000000000000000000e+00
5.824753621985854988e+04 -1.000000000000000000e+00 -1.000000000000000000e+00
5.852445713070410420e+04 -1.000000000000000000e+00 -1.000000000000000000e+00
5.880269458119819319e+04 -1.000000000000000000e+00 -1.000000000000000000e+00
5.908225483044434804e+04 -1.000000000000000000e+00 -1.000000000000000000e+00
5.936314416730308585e+04 -1.000000000000000000e+00 -1.000000000000000000e+00
5.964536891053371073e+04 -1.000000000000000000e+00 -1.000000000000000000e+00
5.992893540893595491e+04 -1.000000000000000000e+00 -1.000000000000000000e+00
6.021385004149321321e+04 -1.000000000000000000e+00 -1.000000000000000000e+00
6.050011921751585032e+04 -1.000000000000000000e+00 -1.000000000000000000e+00
6.078774937678536662e+04 -1.000000000000000000e+00 -1.000000000000000000e+00
6.107674698969953897e+04 -1.000000000000000000e+00 -1.000000000000000000e+00
6.136711855741751788e+04 -1.000000000000000000e+00 -1.000000000000000000e+00
6.165887061200645257e+04 -1.000000000000000000e+00 -1.000000000000000000e+00
6.195200971658823255e+04 -1.000000000000000000e+00 -1.000000000000000000e+00
6.224654246548718947e+04 -1.000000000000000000e+00 -1.000000000000000000e+00
6.254247548437858495e+04 -1.000000000000000000e+00 -1.000000000000000000e+00
6.283981543043736019e+04 -1.000000000000000000e+00 -1.000000000000000000e+00
6.313856899248811533e+04 -1.000000000000000000e+00 -1.000000000000000000e+00
6.343874289115549618e+04 -1.000000000000000000e+00 -1.000000000000000000e+00
6.374034387901534501e+04 -1.000000000000000000e+00 -1.000000000000000000e+00
6.404337874074683350e+04 -1.000000000000000000e+00 -1.000000000000000000e+00
6.434785429328476312e+04 -1.000000000000000000e+00 -1.000000000000000000e+00
6.465377738597299322e+04 -1.000000000000000000e+00 -1.000000000000000000e+00
6.496115490071890963e+04 -1.000000000000000000e+00 -1.000000000000000000e+00
6.526999375214742759e+04 -1.000000000000000000e+00 -1.000000000000000000e+00
6.558030088775749027e+04 -1.000000000000000000e+00 -1.000000000000000000e+00
6.589208328807765793e+04 -1.000000000000000000e+00 -1.000000000000000000e+00
6.620534796682333399e+04 -1.000000000000000000e+00 -1.000000000000000000e+00
6.652010197105488623e+04 -1.000000000000000000e+00 -1.000000000000000000e+00
6.683635238133539679e+04 -1.000000000000000000e+00 -1.000000000000000000e+00
6.715410631189089327e+04 -1.000000000000000000e+00 -1.000000000000000000e+00
6.747337091076961951e+04 -1.000000000000000000e+00 -1.000000000000000000e+00
6.779415336000316893e+04 -1.000000000000000000e+00 -1.000000000000000000e+00
6.811646087576824357e+04 -1.000000000000000000e+00 -1.000000000000000000e+00
6.844030070854829683e+04 -1.000000000000000000e+00 -1.000000000000000000e+00
6.876568014329754806e+04 -1.000000000000000000e+00 -1.000000000000000000e+00
6.909260649960415321e+04 -1.000000000000000000e+00 -1.000000000000000000e+00
6.942108713185510715e+04 -1.000000000000000000e+00 -1.000000000000000000e+00
6.975112942940196081e+04 -1.000000000000000000e+00 -1.000000000000000000e+00
7.008274081672629109e+04 -1.000000000000000000e+00 -1.000000000000000000e+00
7.041592875360770267e+04 -1.000000000000000000e+00 -1.000000000000000000e+00
7.075070073529088404e+04 -1.000000000000000000e+00 -1.000000000000000000e+00
7.108706429265442421e+04 -1.000000000000000000e+00 -1.000000000000000000e+00
7.142502699238060450e+04 -1.000000000000000000e+00 -1.000000000000000000e+00
7.176459643712476827e+04 -1.000000000000000000e+00 -1.000000000000000000e+00
7.210578026568741188e+04 -1.000000000000000000e+00 -1.000000000000000000e+00
7.244858615318509692e+04 -1.000000000000000000e+00 -1.000000000000000000e+00
7.279302181122358888e+04 -1.000000000000000000e+00 -1.000000000000000000e+00
7.313909498807147611e+04 -1.000000000000000000e+00 -1.000000000000000000e+00
7.348681346883368678e+04 -1.000000000000000000e+00 -1.000000000000000000e+00
7.383618507562774175e+04 -1.000000000000000000e+00 -1.000000000000000000e+00
7.418721766775877040e+04 -1.000000000000000000e+00 -1.000000000000000000e+00
7.453991914189672389e+04 -1.000000000000000000e+00 -1.000000000000000000e+00
7.489429743225425773e+04 -1.000000000000000000e+00 -1.000000000000000000e+00
7.525036051076438162e+04 -1.000000000000000000e+00 -1.000000000000000000e+00
7.560811638726088859e+04 -1.000000000000000000e+00 -1.000000000000000000e+00
7.596757310965763463e+04 -1.000000000000000000e+00 -1.000000000000000000e+00
7.632873876412998652e+04 -1.000000000000000000e+00 -1.000000000000000000e+00
7.669162147529696813e+04 -1.000000000000000000e+00 -1.000000000000000000e+00
7.705622940640318848e+04 -1.000000000000000000e+00 -1.000000000000000000e+00
7.742257075950353465e+04 -1.000000000000000000e+00 -1.000000000000000000e+00
7.779065377564690425e+04 -1.000000000000000000e+00 -1.000000000000000000e+00
7.816048673506182968e+04 -1.000000000000000000e+00 -1.000000000000000000e+00
7.853207795734309184e+04 -1.000000000000000000e+00 -1.000000000000000000e+00
7.890543580163801380e+04 -1.000000000000000000e+00 -1.000000000000000000e+00
7.928056866683556291e+04 -1.000000000000000000e+00 -1.000000000000000000e+00
7.965748499175452162e+04 -1.000000000000000000e+00 -1.000000000000000000e+00
8.003619325533353549e+04 -1.000000000000000000e+00 -1.000000000000000000e+00
8.041670197682217986e+04 -1.000000000000000000e+00 -1.000000000000000000e+00
8.079901971597179363e+04 -1.000000000000000000e+00 -1.000000000000000000e+00
8.118315507322912163e+04 -1.000000000000000000e+00 -1.000000000000000000e+00
8.156911668992886553e+04 -1.000000000000000000e+00 -1.000000000000000000e+00
8.195691324848847580e+04 -1.000000000000000000e+00 -1.000000000000000000e+00
8.234655347260370036e+04 -1.000000000000000000e+00 -1.000000000000000000e+00
8.273804612744403130e+04 -1.000000000000000000e+00 -1.000000000000000000e+00
8.313140001985091658e+04 -1.000000000000000000e+00 -1.000000000000000000e+00
8.352662399853508396e+04 -1.000000000000000000e+00 -1.000000000000000000e+00
8.392372695427584404e+04 -1.000000000000000000e+00 -1.000000000000000000e+00
8.432271782012147014e+04 -1.000000000000000000e+00 -1.000000000000000000e+00
8.472360557158921438e+04 -1.000000000000000000e+00 -1.000000000000000000e+00
8.512639922686840873e+04 -1.000000000000000000e+00 -1.000000000000000000e+00
8.553110784702235833e+04 -1.000000000000000000e+00 -1.000000000000000000e+00
8.593774053619257757e+04 -1.000000000000000000e+00 -1.000000000000000000e+00
8.634630644180384115e+04 -1.000000000000000000e+00 -1.000000000000000000e+00
8.675681475476936612e+04 -1.000000000000000000e+00 -1.000000000000000000e+00
8.716927470969804563e+04 -1.000000000000000000e+00 -1.000000000000000000e+00
8.758369558510197385e+04 -1.000000000000000000e+00 -1.000000000000000000e+00
8.800008670360512042e+04 -1.000000000000000000e+00 -1.000000000000000000e+00
8.841845743215350376e+04 -1.000000000000000000e+00 -1.000000000000000000e+00
8.883881718222516065e+04 -1.000000000000000000e+00 -1.000000000000000000e+00
8.926117541004245868e+04 -1.000000000000000000e+00 -1.000000000000000000e+00
8.968554161678452510e+04 -1.000000000000000000e+00 -1.000000000000000000e+00
9.011192534880105813e+04 -1.000000000000000000e+00 -1.000000000000000000e+00
9.054033619782728783e+04 -1.000000000000000000e+00 -1.000000000000000000e+00
9.097078380119934445e+04 -1.000000000000000000e+00 -1.000000000000000000e+00
9.140327784207128570e+04 -1.000000000000000000e+00 -1.000000000000000000e+00
9.183782804963295348e+04 -1.000000000000000000e+00 -1.000000000000000000e+00
9.227444419932864548e+04 -1.000000000000000000e+00 -1.000000000000000000e+00
9.271313611307748943e+04 -1.000000000000000000e+00 -1.000000000000000000e+00
9.315391365949374449e+04 -1.000000000000000000e+00 -1.000000000000000000e+00
9.359678675410909636e+04 -1.000000000000000000e+00 -1.000000000000000000e+00
9.404176535959616012e+04 -1.000000000000000000e+00 -1.000000000000000000e+00
9.448885948599147378e+04 -1.000000000000000000e+00 -1.000000000000000000e+00
9.493807919092204247e+04 -1.000000000000000000e+00 -1.000000000000000000e+00
9.538943457983055850e+04 -1.000000000000000000e+00 -1.000000000000000000e+00
9.584293580620306602e+04 -1.000000000000000000e+00 -1.000000000000000000e+00
9.629859307179778989e+04 -1.000000000000000000e+00 -1.000000000000000000e+00
9.675641662687358621e+04 -1.000000000000000000e+00 -1.000000000000000000e+00
9.721641677042179799e+04 -1.000000000000000000e+00 -1.000000000000000000e+00
9.767860385039699031e+04 -1.000000000000000000e+00 -1.000000000000000000e+00
9.814298826395001379e+04 -1.000000000000000000e+00 -1.000000000000000000e+00
9.860958045766236319e+04 -1.000000000000000000e+00 -1.000000000000000000e+00
9.907839092778002669e+04 -1.000000000000000000e+00 -1.000000000000000000e+00
9.954943022045104590e+04 -1.000000000000000000e+00 -1.000000000000000000e+00
1.000227089319616643e+05 -1.000000000000000000e+00 -1.000000000000000000e+00
1.004982377089751535e+05 -1.000000000000000000e+00 -1.000000000000000000e+00
1.009760272487711190e+05 -1.000000000000000000e+00 -1.000000000000000000e+00
1.014560882994866261e+05 -1.000000000000000000e+00 -1.000000000000000000e+00
1.019384316603572515e+05 -1.000000000000000000e+00 -1.000000000000000000e+00
1.024230681819605234e+05 -1.000000000000000000e+00 -1.000000000000000000e+00
1.029100087664598686e+05 -1.000000000000000000e+00 -1.000000000000000000e+00
1.033992643678497261e+05 -1.000000000000000000e+00 -1.000000000000000000e+00
1.038908459922025067e+05 -1.000000000000000000e+00 -1.000000000000000000e+00
1.043847646979153506e+05 -1.000000000000000000e+00 -1.000000000000000000e+00
1.048810315959595318e+05 -1.000000000000000000e+00 -1.000000000000000000e+00
1.053796578501301119e+05 -1.000000000000000000e+00 -1.000000000000000000e+00
1.058806546772971051e+05 -1.000000000000000000e+00 -1.000000000000000000e+00
1.063840333476581727e+05 -1.000000000000000000e+00 -1.000000000000000000e+00
1.068898051849914918e+05 -1.000000000000000000e+00 -1.000000000000000000e+00
1.073979815669109521e+05 -1.000000000000000000e+00 -1.000000000000000000e+00
1.079085739251220366e+05 -1.000000000000000000e+00 -1.000000000000000000e+00
1.084215937456787506e+05 -1.000000000000000000e+00 -1.000000000000000000e+00
1.089370525692425726e+05 -1.000000000000000000e+00 -1.000000000000000000e+00
1.094549619913413335e+05 -1.000000000000000000e+00 -1.000000000000000000e+00
1.099753336626305536e+05 -1.000000000000000000e+00 -1.000000000000000000e+00
1.104981792891553487e+05 -1.000000000000000000e+00 -1.000000000000000000e+00
1.110235106326137757e+05 -1.000000000000000000e+00 -1.000000000000000000e+00
1.115513395106216922e+05 -1.000000000000000000e+00 -1.000000000000000000e+00
1.120816777969780960e+05 -1.000000000000000000e+00 -1.000000000000000000e+00
1.126145374219325895e+05 -1.000000000000000000e+00 -1.000000000000000000e+00
1.131499303724536439e+05 -1.000000000000000000e+00 -1.000000000000000000e+00
1.136878686924981594e+05 -1.000000000000000000e+00 -1.000000000000000000e+00
1.142283644832829013e+05 -1.000000000000000000e+00 -1.000000000000000000e+00
1.147714299035559816e+05 -1.000000000000000000e+00 -1.000000000000000000e+00
1.153170771698707831e+05 -1.000000000000000000e+00 -1.000000000000000000e+00
1.158653185568607878e+05 -1.000000000000000000e+00 -1.000000000000000000e+00
1.164161663975155534e+05 -1.000000000000000000e+00 -1.000000000000000000e+00
1.169696330834584951e+05 -1.000000000000000000e+00 -1.000000000000000000e+00
1.175257310652251181e+05 -1.000000000000000000e+00 -1.000000000000000000e+00
1.180844728525434039e+05 -1.000000000000000000e+00 -1.000000000000000000e+00
1.186458710146151570e+05 -1.000000000000000000e+00 -1.000000000000000000e+00
1.192099381803990400e+05 -1.000000000000000000e+00 -1.000000000000000000e+00
1.197766870388941607e+05 -1.000000000000000000e+00 -1.000000000000000000e+00
1.203461303394257993e+05 -1.000000000000000000e+00 -1.000000000000000000e+00
1.209182808919322415e+05 -1.000000000000000000e+00 -1.000000000000000000e+00
1.214931515672527312e+05 -1.000000000000000000e+00 -1.000000000000000000e+00
1.220707552974175196e+05 -1.000000000000000000e+00 -1.000000000000000000e+00
1.226511050759381033e+05 -1.000000000000000000e+00 -1.000000000000000000e+00
1.232342139580999356e+05 -1.000000000000000000e+00 -1.000000000000000000e+00
1.238200950612559827e+05 -1.000000000000000000e+00 -1.000000000000000000e+00
1.244087615651217347e+05 -1.000000000000000000e+00 -1.000000000000000000e+00
1.250002267120721808e+05 -1.000000000000000000e+00 -1.000000000000000000e+00
1.255945038074389158e+05 -1.000000000000000000e+00 -1.000000000000000000e+00
1.261916062198100262e+05 -1.000000000000000000e+00 -1.000000000000000000e+00
1.267915473813305725e+05 -1.000000000000000000e+00 -1.000000000000000000e+00
1.273943407880047744e+05 -1.000000000000000000e+00 -1.000000000000000000e+00
1.279999999999999854e+05 -1.000000000000000000e+00 -1.000000000000000000e+00
