1.000000000000000114e+03 -1.000000000000000000e+00 -1.000000000000000000e+00
1.004754208140241872e+03 -1.000000000000000000e+00 -1.000000000000000000e+00
1.009531018775526604e+03 -1.000000000000000000e+00 -1.000000000000000000e+00
1.014330539362816126e+03 -1.000000000000000000e+00 -1.000000000000000000e+00
1.019152877869952704e+03 -1.000000000000000000e+00 -1.000000000000000000e+00
1.023998142778073088e+03 -1.000000000000000000e+00 -1.000000000000000000e+00
1.028866443084061075e+03 -1.000000000000000000e+00 -1.000000000000000000e+00
1.033757888302995525e+03 -1.000000000000000000e+00 -1.000000000000000000e+00
1.038672588470604751e+03 -1.000000000000000000e+00 -1.000000000000000000e+00
1.043610654145760009e+03 -1.000000000000000000e+00 -1.000000000000000000e+00
1.048572196412942958e+03 -1.000000000000000000e+00 -1.000000000000000000e+00
1.053557326884760869e+03 -1.000000000000000000e+00 -1.000000000000000000e+00
1.058566157704450006e+03 -1.000000000000000000e+00 -1.000000000000000000e+00
1.063598801548392885e+03 -1.000000000000000000e+00 -1.000000000000000000e+00
1.068655371628668036e+03 -1.000000000000000000e+00 -1.000000000000000000e+00
1.073735981695578403e+03 -1.000000000000000000e+00 -1.000000000000000000e+00
1.078840746040226122e+03 -1.000000000000000000e+00 -1.000000000000000000e+00
1.083969779497077525e+03 -1.000000000000000000e+00 -1.000000000000000000e+00
1.089123197446538825e+03 -1.000000000000000000e+00 -1.000000000000000000e+00
1.094301115817567734e+03 -1.000000000000000000e+00 -1.000000000000000000e+00
1.099503651090263475e+03 -1.000000000000000000e+00 -1.000000000000000000e+00
1.104730920298502497e+03 -1.000000000000000000e+00 -1.000000000000000000e+00
1.109983041032564870e+03 -1.000000000000000000e+00 -1.000000000000000000e+00
1.115260131441772273e+03 -1.000000000000000000e+00 -1.000000000000000000e+00
1.120562310237162365e+03 -1.000000000000000000e+00 -1.000000000000000000e+00
1.125889696694140184e+03 -1.000000000000000000e+00 -1.000000000000000000e+00
1.131242410655177991e+03 -1.000000000000000000e+00 -1.000000000000000000e+00
1.136620572532504184e+03 -1.000000000000000000e+00 -1.000000000000000000e+00
1.142024303310804498e+03 -1.000000000000000000e+00 -1.000000000000000000e+00
1.147453724549961180e+03 -1.000000000000000000e+00 -1.000000000000000000e+00
1.152908958387767598e+03 -1.000000000000000000e+00 -1.000000000000000000e+00
1.158390127542692653e+03 -1.000000000000000000e+00 -1.000000000000000000e+00
1.163897355316634275e+03 -1.000000000000000000e+00 -1.000000000000000000e+00
1.169430765597686559e+03 -1.000000000000000000e+00 -1.000000000000000000e+00
1.174990482862943054e+03 -1.000000000000000000e+00 -1.000000000000000000e+00
1.180576632181276636e+03 -1.000000000000000000e+00 -1.000000000000000000e+00
1.186189339216172357e+03 -1.000000000000000000e+00 -1.000000000000000000e+00
1.191828730228544600e+03 -1.000000000000000000e+00 -1.000000000000000000e+00
1.197494932079571299e+03 -1.000000000000000000e+00 -1.000000000000000000e+00
1.203188072233562480e+03 -1.000000000000000000e+00 -1.000000000000000000e+00
1.208908278760819712e+03 -1.000000000000000000e+00 -1.000000000000000000e+00
1.214655680340510116e+03 -1.000000000000000000e+00 -1.000000000000000000e+00
1.220430406263578789e+03 -1.000000000000000000e+00 -1.000000000000000000e+00
1.226232586435635767e+03 -1.000000000000000000e+00 -1.000000000000000000e+00
1.232062351379898018e+03 -1.000000000000000000e+00 -1.000000000000000000e+00
1.237919832240116421e+03 -1.000000000000000000e+00 -1.000000000000000000e+00
1.243805160783519341e+03 -1.000000000000000000e+00 -1.000000000000000000e+00
1.249718469403793961e+03 -1.000000000000000000e+00 -1.000000000000000000e+00
1.255659891124043952e+03 -1.000000000000000000e+00 -1.000000000000000000e+00
1.261629559599801269e+03 -1.000000000000000000e+00 -1.000000000000000000e+00
1.267627609122023159e+03 -1.000000000000000000e+00 -1.000000000000000000e+00
1.273654174620106460e+03 -1.000000000000000000e+00 -1.000000000000000000e+00
1.279709391664940995e+03 -1.000000000000000000e+00 -1.000000000000000000e+00
1.285793396471938649e+03 -1.000000000000000000e+00 -1.000000000000000000e+00
1.291906325904114738e+03 -1.000000000000000000e+00 -1.000000000000000000e+00
1.298048317475160957e+03 -1.000000000000000000e+00 -1.000000000000000000e+00
1.304219509352528576e+03 -1.000000000000000000e+00 -1.000000000000000000e+00
1.310420040360557323e+03 -1.000000000000000000e+00 -1.000000000000000000e+00
1.316650049983575627e+03 -1.000000000000000000e+00 -1.000000000000000000e+00
1.322909678369057474e+03 -1.000000000000000000e+00 -1.000000000000000000e+00
1.329199066330767209e+03 -1.000000000000000000e+00 -1.000000000000000000e+00
1.335518355351918899e+03 -1.000000000000000000e+00 -1.000000000000000000e+00
1.341867687588378203e+03 -1.000000000000000000e+00 -1.000000000000000000e+00
1.348247205871838560e+03 -1.000000000000000000e+00 -1.000000000000000000e+00
1.354657053713052846e+03 -1.000000000000000000e+00 -1.000000000000000000e+00
1.361097375305054356e+03 -1.000000000000000000e+00 -1.000000000000000000e+00
1.367568315526391643e+03 -1.000000000000000000e+00 -1.000000000000000000e+00
1.374070019944406795e+03 -1.000000000000000000e+00 -1.000000000000000000e+00
1.380602634818489150e+03 -1.000000000000000000e+00 -1.000000000000000000e+00
1.387166307103382678e+03 -1.000000000000000000e+00 -1.000000000000000000e+00
1.393761184452485622e+03 -1.000000000000000000e+00 -1.000000000000000000e+00
1.400387415221162883e+03 -1.000000000000000000e+00 -1.000000000000000000e+00
1.407045148470102504e+03 -1.000000000000000000e+00 -1.000000000000000000e+00
1.413734533968647156e+03 -1.000000000000000000e+00 -1.000000000000000000e+00
1.420455722198182002e+03 -1.000000000000000000e+00 -1.000000000000000000e+00
1.427208864355512787e+03 -1.000000000000000000e+00 -1.000000000000000000e+00
1.433994112356257119e+03 -1.000000000000000000e+00 -1.000000000000000000e+00
1.440811618838283266e+03 -1.000000000000000000e+00 -1.000000000000000000e+00
1.447661537165119171e+03 -1.000000000000000000e+00 -1.000000000000000000e+00
1.454544021429424674e+03 -1.000000000000000000e+00 -1.000000000000000000e+00
1.461459226456447823e+03 -1.000000000000000000e+00 -1.000000000000000000e+00
1.468407307807498682e+03 -1.000000000000000000e+00 -1.000000000000000000e+00
1.475388421783470903e+03 -1.000000000000000000e+00 -1.000000000000000000e+00
1.482402725428332587e+03 -1.000000000000000000e+00 -1.000000000000000000e+00
1.489450376532680593e+03 -1.000000000000000000e+00 -1.000000000000000000e+00
1.496531533637281882e+03 -1.000000000000000000e+00 -1.000000000000000000e+00
1.503646356036628958e+03 -1.000000000000000000e+00 -1.000000000000000000e+00
1.510795003782546473e+03 -1.000000000000000000e+00 -1.000000000000000000e+00
1.517977637687766219e+03 -1.000000000000000000e+00 -1.000000000000000000e+00
1.525194419329566699e+03 -1.000000000000000000e+00 -1.000000000000000000e+00
1.532445511053397922e+03 -1.000000000000000000e+00 -1.000000000000000000e+00
1.539731075976525290e+03 -1.000000000000000000e+00 -1.000000000000000000e+00
1.547051277991719417e+03 -1.000000000000000000e+00 -1.000000000000000000e+00
1.554406281770919350e+03 -1.000000000000000000e+00 -1.000000000000000000e+00
1.561796252768958084e+03 -1.000000000000000000e+00 -1.000000000000000000e+00
1.569221357227274666e+03 -1.000000000000000000e+00 -1.000000000000000000e+00
1.576681762177646078e+03 -1.000000000000000000e+00 -1.000000000000000000e+00
1.584177635445965279e+03 -1.000000000000000000e+00 -1.000000000000000000e+00
1.591709145655991506e+03 -1.000000000000000000e+00 -1.000000000000000000e+00
1.599276462233166967e+03 -1.000000000000000000e+00 -1.000000000000000000e+00
1.606879755408416486e+03 -1.000000000000000000e+00 -1.000000000000000000e+00
1.614519196221969196e+03 -1.000000000000000000e+00 -1.000000000000000000e+00
1.622194956527227760e+03 -1.000000000000000000e+00 -1.000000000000000000e+00
1.629907208994608709e+03 -1.000000000000000000e+00 -1.000000000000000000e+00
1.637656127115449863e+03 -1.000000000000000000e+00 -1.000000000000000000e+00
1.645441885205902963e+03 -1.000000000000000000e+00 -1.000000000000000000e+00
1.653264658410843595e+03 -1.000000000000000000e+00 -1.000000000000000000e+00
1.661124622707838398e+03 -1.000000000000000000e+00 -1.000000000000000000e+00
1.669021954911072044e+03 -1.000000000000000000e+00 -1.000000000000000000e+00
1.676956832675352871e+03 -1.000000000000000000e+00 -1.000000000000000000e+00
1.684929434500095567e+03 -1.000000000000000000e+00 -1.000000000000000000e+00
1.692939939733329311e+03 -1.000000000000000000e+00 -1.000000000000000000e+00
1.700988528575750252e+03 -1.000000000000000000e+00 -1.000000000000000000e+00
1.709075382084766716e+03 -1.000000000000000000e+00 -1.000000000000000000e+00
1.717200682178561237e+03 -1.000000000000000000e+00 -1.000000000000000000e+00
1.725364611640206931e+03 -1.000000000000000000e+00 -1.000000000000000000e+00
1.733567354121752260e+03 -1.000000000000000000e+00 -1.000000000000000000e+00
1.741809094148379017e+03 -1.000000000000000000e+00 -1.000000000000000000e+00
1.750090017122526888e+03 -1.000000000000000000e+00 -1.000000000000000000e+00
1.758410309328086669e+03 -1.000000000000000000e+00 -1.000000000000000000e+00
1.766770157934583267e+03 -1.000000000000000000e+00 -1.000000000000000000e+00
1.775169751001372333e+03 -1.000000000000000000e+00 -1.000000000000000000e+00
1.783609277481894424e+03 -1.000000000000000000e+00 -1.000000000000000000e+00
1.792088927227913473e+03 -1.000000000000000000e+00 -1.000000000000000000e+00
1.800608890993777777e+03 -1.000000000000000000e+00 -1.000000000000000000e+00
1.809169360440736227e+03 -1.000000000000000000e+00 -1.000000000000000000e+00
1.817770528141219984e+03 -1.000000000000000000e+00 -1.000000000000000000e+00
1.826412587583204640e+03 -1.000000000000000000e+00 -1.000000000000000000e+00
1.835095733174532825e+03 -1.000000000000000000e+00 -1.000000000000000000e+00
1.843820160247314561e+03 -1.000000000000000000e+00 -1.000000000000000000e+00
1.852586065062308080e+03 -1.000000000000000000e+00 -1.000000000000000000e+00
1.861393644813326091e+03 -1.000000000000000000e+00 -1.000000000000000000e+00
1.870243097631692308e+03 -1.000000000000000000e+00 -1.000000000000000000e+00
1.879134622590687968e+03 -1.000000000000000000e+00 -1.000000000000000000e+00
1.888068419710018816e+03 -1.000000000000000000e+00 -1.000000000000000000e+00
1.897044689960342112e+03 -1.000000000000000000e+00 -1.000000000000000000e+00
1.906063635267754307e+03 -1.000000000000000000e+00 -1.000000000000000000e+00
1.915125458518363303e+03 -1.000000000000000000e+00 -1.000000000000000000e+00
1.924230363562840012e+03 -1.000000000000000000e+00 -1.000000000000000000e+00
1.933378555220990847e+03 -1.000000000000000000e+00 -1.000000000000000000e+00
1.942570239286395918e+03 -1.000000000000000000e+00 -1.000000000000000000e+00
1.951805622531002655e+03 -1.000000000000000000e+00 -1.000000000000000000e+00
1.961084912709809714e+03 -1.000000000000000000e+00 -1.000000000000000000e+00
1.970408318565524269e+03 -1.000000000000000000e+00 -1.000000000000000000e+00
1.979776049833248862e+03 -1.000000000000000000e+00 -1.000000000000000000e+00
1.989188317245226017e+03 -1.000000000000000000e+00 -1.000000000000000000e+00
1.998645332535547595e+03 -1.000000000000000000e+00 -1.000000000000000000e+00
2.008147308444944656e+03 -1.000000000000000000e+00 -1.000000000000000000e+00
2.017694458725562754e+03 -1.000000000000000000e+00 -1.000000000000000000e+00
2.027286998145756570e+03 -1.000000000000000000e+00 -1.000000000000000000e+00
2.036925142494952297e+03 -1.000000000000000000e+00 -1.000000000000000000e+00
2.046609108588465006e+03 -1.000000000000000000e+00 -1.000000000000000000e+00
2.056339114272409461e+03 -1.000000000000000000e+00 -1.000000000000000000e+00
2.066115378428585700e+03 -1.000000000000000000e+00 -1.000000000000000000e+00
2.075938120979389623e+03 -1.000000000000000000e+00 -1.000000000000000000e+00
2.085807562892792703e+03 -1.000000000000000000e+00 -1.000000000000000000e+00
2.095723926187275993e+03 -1.000000000000000000e+00 -1.000000000000000000e+00
2.105687433936855086e+03 -1.000000000000000000e+00 -1.000000000000000000e+00
2.115698310276087341e+03 -1.000000000000000000e+00 -1.000000000000000000e+00
2.125756780405097743e+03 -1.000000000000000000e+00 -1.000000000000000000e+00
2.135863070594678902e+03 -1.000000000000000000e+00 -1.000000000000000000e+00
2.146017408191341929e+03 -1.000000000000000000e+00 -1.000000000000000000e+00
2.156220021622466447e+03 -1.000000000000000000e+00 -1.000000000000000000e+00
2.166471140401420598e+03 -1.000000000000000000e+00 -1.000000000000000000e+00
2.176770995132716507e+03 -1.000000000000000000e+00 -1.000000000000000000e+00
2.187119817517223510e+03 -1.000000000000000000e+00 -1.000000000000000000e+00
2.197517840357348177e+03 -1.000000000000000000e+00 -1.000000000000000000e+00
2.207965297562302112e+03 -1.000000000000000000e+00 -1.000000000000000000e+00
2.218462424153348820e+03 -1.000000000000000000e+00 -1.000000000000000000e+00
2.229009456269079692e+03 -1.000000000000000000e+00 -1.000000000000000000e+00
2.239606631170755008e+03 -1.000000000000000000e+00 -1.000000000000000000e+00
2.250254187247606751e+03 -1.000000000000000000e+00 -1.000000000000000000e+00
2.260952364022232814e+03 -1.000000000000000000e+00 -1.000000000000000000e+00
2.271701402155971209e+03 -1.000000000000000000e+00 -1.000000000000000000e+00
2.282501543454300190e+03 -1.000000000000000000e+00 -1.000000000000000000e+00
2.293353030872310228e+03 -1.000000000000000000e+00 -1.000000000000000000e+00
2.304256108520131420e+03 -1.000000000000000000e+00 -1.000000000000000000e+00
2.315211021668460489e+03 -1.000000000000000000e+00 -1.000000000000000000e+00
2.326218016754059136e+03 -1.000000000000000000e+00 -1.000000000000000000e+00
2.337277341385288310e+03 -1.000000000000000000e+00 -1.000000000000000000e+00
2.348389244347710246e+03 -1.000000000000000000e+00 -1.000000000000000000e+00
2.359553975609644567e+03 -1.000000000000000000e+00 -1.000000000000000000e+00
2.370771786327828522e+03 -1.000000000000000000e+00 -1.000000000000000000e+00
2.382042928853049034e+03 -1.000000000000000000e+00 -1.000000000000000000e+00
2.393367656735807941e+03 -1.000000000000000000e+00 -1.000000000000000000e+00
2.404746224732052724e+03 -1.000000000000000000e+00 -1.000000000000000000e+00
2.416178888808894953e+03 -1.000000000000000000e+00 -1.000000000000000000e+00
2.427665906150351020e+03 -1.000000000000000000e+00 -1.000000000000000000e+00
2.439207535163163811e+03 -1.000000000000000000e+00 -1.000000000000000000e+00
2.450804035482576182e+03 -1.000000000000000000e+00 -1.000000000000000000e+00
2.462455667978209931e+03 -1.000000000000000000e+00 -1.000000000000000000e+00
2.474162694759897022e+03 -1.000000000000000000e+00 -1.000000000000000000e+00
2.485925379183607220e+03 -1.000000000000000000e+00 -1.000000000000000000e+00
2.497743985857361167e+03 -1.000000000000000000e+00 -1.000000000000000000e+00
2.509618780647164840e+03 -1.000000000000000000e+00 -1.000000000000000000e+00
2.521550030683021305e+03 -1.000000000000000000e+00 -1.000000000000000000e+00
2.533538004364927019e+03 -1.000000000000000000e+00 -1.000000000000000000e+00
2.545582971368891322e+03 -1.000000000000000000e+00 -1.000000000000000000e+00
2.557685202653039596e+03 -1.000000000000000000e+00 -1.000000000000000000e+00
2.569844970463668687e+03 -1.000000000000000000e+00 -1.000000000000000000e+00
2.582062548341412366e+03 -1.000000000000000000e+00 -1.000000000000000000e+00
2.594338211127350860e+03 -1.000000000000000000e+00 -1.000000000000000000e+00
2.606672234969233159e+03 -1.000000000000000000e+00 -1.000000000000000000e+00
2.619064897327671588e+03 -1.000000000000000000e+00 -1.000000000000000000e+00
2.631516476982368658e+03 -1.000000000000000000e+00 -1.000000000000000000e+00
2.644027254038419414e+03 -1.000000000000000000e+00 -1.000000000000000000e+00
2.656597509932595585e+03 -1.000000000000000000e+00 -1.000000000000000000e+00
2.669227527439663845e+03 -1.000000000000000000e+00 -1.000000000000000000e+00
2.681917590678780471e+03 -1.000000000000000000e+00 -1.000000000000000000e+00
2.694667985119843706e+03 -1.000000000000000000e+00 -1.000000000000000000e+00
2.707478997589949813e+03 -1.000000000000000000e+00 -1.000000000000000000e+00
2.720350916279831381e+03 -1.000000000000000000e+00 -1.000000000000000000e+00
2.733284030750323382e+03 -1.000000000000000000e+00 -1.000000000000000000e+00
2.746278631938915623e+03 -1.000000000000000000e+00 -1.000000000000000000e+00
2.759335012166252454e+03 -1.000000000000000000e+00 -1.000000000000000000e+00
2.772453465142747973e+03 -1.000000000000000000e+00 -1.000000000000000000e+00
2.785634285975176681e+03 -1.000000000000000000e+00 -1.000000000000000000e+00
2.798877771173297333e+03 -1.000000000000000000e+00 -1.000000000000000000e+00
2.812184218656556823e+03 -1.000000000000000000e+00 -1.000000000000000000e+00
2.825553927760754050e+03 -1.000000000000000000e+00 -1.000000000000000000e+00
2.838987199244807016e+03 -1.000000000000000000e+00 -1.000000000000000000e+00
2.852484335297504913e+03 -1.000000000000000000e+00 -1.000000000000000000e+00
2.866045639544288861e+03 -1.000000000000000000e+00 -1.000000000000000000e+00
2.879671417054120866e+03 -1.000000000000000000e+00 -1.000000000000000000e+00
2.893361974346301849e+03 -1.000000000000000000e+00 -1.000000000000000000e+00
2.907117619397405178e+03 -1.000000000000000000e+00 -1.000000000000000000e+00
2.920938661648191101e+03 -1.000000000000000000e+00 -1.000000000000000000e+00
2.934825412010546643e+03 -1.000000000000000000e+00 -1.000000000000000000e+00
2.948778182874521917e+03 -1.000000000000000000e+00 -1.000000000000000000e+00
2.962797288115311858e+03 -1.000000000000000000e+00 -1.000000000000000000e+00
2.976883043100356645e+03 -1.000000000000000000e+00 -1.000000000000000000e+00
2.991035764696418028e+03 -1.000000000000000000e+00 -1.000000000000000000e+00
3.005255771276692940e+03 -1.000000000000000000e+00 -1.000000000000000000e+00
3.019543382728011693e+03 -1.000000000000000000e+00 -1.000000000000000000e+00
3.033898920457990698e+03 -1.000000000000000000e+00 -1.000000000000000000e+00
3.048322707402303422e+03 -1.000000000000000000e+00 -1.000000000000000000e+00
3.062815068031926330e+03 -1.000000000000000000e+00 -1.000000000000000000e+00
3.077376328360418483e+03 -1.000000000000000000e+00 -1.000000000000000000e+00
3.092006815951304361e+03 -1.000000000000000000e+00 -1.000000000000000000e+00
3.106706859925383469e+03 -1.000000000000000000e+00 -1.000000000000000000e+00
3.121476790968186378e+03 -1.000000000000000000e+00 -1.000000000000000000e+00
3.136316941337389835e+03 -1.000000000000000000e+00 -1.000000000000000000e+00
3.151227644870275071e+03 -1.000000000000000000e+00 -1.000000000000000000e+00
3.166209236991278885e+03 -1.000000000000000000e+00 -1.000000000000000000e+00
3.181262054719491971e+03 -1.000000000000000000e+00 -1.000000000000000000e+00
3.196386436676282301e+03 -1.000000000000000000e+00 -1.000000000000000000e+00
3.211582723092893957e+03 -1.000000000000000000e+00 -1.000000000000000000e+00
3.226851255818082336e+03 -1.000000000000000000e+00 -1.000000000000000000e+00
3.242192378325849404e+03 -1.000000000000000000e+00 -1.000000000000000000e+00
3.257606435723116192e+03 -1.000000000000000000e+00 -1.000000000000000000e+00
3.273093774757535812e+03 -1.000000000000000000e+00 -1.000000000000000000e+00
3.288654743825269634e+03 1.071400277209525606e-21 7.367732536330181659e-18
3.304289692978808944e+03 4.119971205003017486e-18 4.217246803257334847e-18
3.319998973934893456e+03 1.906713790940793467e-18 4.106365022200039729e-18
3.335782940082369350e+03 6.497987562980959422e-18 3.796622626329099099e-18
3.351641946490189639e+03 8.334416372935317223e-18 2.716943471461242012e-18
3.367576349915376341e+03 1.286109559567235567e-17 2.439055105861645236e-18
3.383586508811030399e+03 1.078971702437268028e-17 2.197821874259433596e-18
3.399672783334432552e+03 1.648648984118872691e-17 2.147403661657393471e-18
3.415835535355126467e+03 1.650222106462453196e-17 2.268158983470891893e-18
3.432075128463039619e+03 1.434476564911959258e-17 2.383570647187461824e-18
3.448391927976707848e+03 1.434025361142421263e-17 2.517772907137644919e-18
3.464786300951438989e+03 1.147334731470101336e-17 2.466122952608033512e-18
3.481258616187628377e+03 1.733072068091324291e-17 2.280840251762324337e-18
3.497809244238994779e+03 2.007694381409740108e-17 2.017882849728173709e-18
3.514438557420969573e+03 1.819643053713431849e-17 1.738036185682927728e-18
3.531146929819047273e+03 2.115644112522002931e-17 1.628042972690531909e-18
3.547934737297183347e+03 2.275660204281526857e-17 1.548148241706534867e-18
3.564802357506288899e+03 2.314308130716331564e-17 1.492213801410757249e-18
3.581750169892705799e+03 2.976369313119860655e-17 1.548927670890797840e-18
3.598778555706723182e+03 3.223556695154977215e-17 1.619154798172009540e-18
3.615887898011199013e+03 3.070284959524744719e-17 1.692391207835669442e-18
3.633078581690126157e+03 3.011651134847999279e-17 1.666864134781695490e-18
3.650350993457343520e+03 3.722214755661699016e-17 1.562803062914989778e-18
3.667705521865178980e+03 3.917285704981240303e-17 1.421349118623076081e-18
3.685142557313240104e+03 4.634072941155769672e-17 1.297058793882190840e-18
3.702662492057178497e+03 5.212425632268269889e-17 1.200326762687784305e-18
3.720265720217485068e+03 5.798333562467133926e-17 1.152229314602765713e-18
3.737952637788406719e+03 6.515157333671320426e-17 1.147147428208647477e-18
3.755723642646826647e+03 6.730687368466826447e-17 1.168530102198140886e-18
3.773579134561196952e+03 7.767605011389860528e-17 1.232762435915261490e-18
3.791519515200582646e+03 8.206394884900972294e-17 1.279022001596068353e-18
3.809545188143635642e+03 8.507572452926527492e-17 1.290068119493642389e-18
3.827656558887735173e+03 8.803785470156346807e-17 1.225758861531025023e-18
3.845854034858049999e+03 9.104578029558339887e-17 1.183886332920138265e-18
3.864138025416754317e+03 9.643518459602905064e-17 1.112356807756513649e-18
3.882508941872216383e+03 9.933717837874642191e-17 1.036749218845797525e-18
3.900967197488228067e+03 1.018561588755384186e-16 9.949174049342591890e-19
3.919513207493342634e+03 1.076351542479469816e-16 9.247339206182022095e-19
3.938147389090202068e+03 1.107995416326136536e-16 9.561783463239977568e-19
3.956870161464886223e+03 1.147068570482071254e-16 9.424714831455153313e-19
3.975681945796411583e+03 1.183914159537354264e-16 1.002400420868732725e-18
3.994583165266129981e+03 1.192682230873775351e-16 1.019233981611781817e-18
4.013574245067319225e+03 1.202399671729881280e-16 1.031274340787762022e-18
4.032655612414684128e+03 1.209632521796902805e-16 1.013594582792556237e-18
4.051827696554018530e+03 1.226628595241381805e-16 1.024622239467897680e-18
4.071090928771840936e+03 1.240202284388934488e-16 9.826319824600343117e-19
4.090445742405073815e+03 1.269631503119656167e-16 9.091675414295757663e-19
4.109892572850832948e+03 1.294653466562047304e-16 8.711389251349586134e-19
4.129431857576209040e+03 1.348430418020006682e-16 8.483797205235410071e-19
4.149064036128072075e+03 1.365475838044894935e-16 8.534036830368732997e-19
4.168789550143025735e+03 1.380721244099339709e-16 8.628017408988242581e-19
4.188608843357272235e+03 1.424099164920286108e-16 8.843029945094817471e-19
4.208522361616649505e+03 1.439743923933886026e-16 8.977564109915103910e-19
4.228530552886646547e+03 1.413920649316086082e-16 8.913375758819527876e-19
4.248633867262442436e+03 1.417949510574778093e-16 8.808532278898910670e-19
4.268832756979097212e+03 1.402384748498495864e-16 8.649490276303186790e-19
4.289127676421659089e+03 1.418156189982797753e-16 9.028853886819280834e-19
4.309519082135439930e+03 1.455431517340685141e-16 8.258352418351923699e-19
4.330007432836264343e+03 1.452167706888938242e-16 7.634900422812026036e-19
4.350593189420763338e+03 1.484742002602432235e-16 7.371892317800679052e-19
4.371276814976797141e+03 1.488605298385332089e-16 7.174450356830398261e-19
4.392058774793810699e+03 1.506381428892271828e-16 7.246795533102972390e-19
4.412939536373356532e+03 1.492388569042062872e-16 7.401570525180307514e-19
4.433919569439587576e+03 1.557670184415306940e-16 7.547638413192662924e-19
4.454999345949795497e+03 1.581040257813797531e-16 7.750183720788258255e-19
4.476179340105090887e+03 1.563970145672854199e-16 7.810714982568592735e-19
4.497460028361001605e+03 1.546435470577443980e-16 7.735662187043108223e-19
4.518841889438248472e+03 1.508894667429686657e-16 7.950782274871758107e-19
4.540325404333490951e+03 1.534454748649634163e-16 8.588000596830768686e-19
4.561911056330120118e+03 1.538189947416004125e-16 7.639287760149914341e-19
4.583599331009193520e+03 1.558976672157563616e-16 7.034924815108993494e-19
4.605390716260285444e+03 1.545032840834444014e-16 6.704873325366485334e-19
4.627285702292524547e+03 1.536261837455258180e-16 6.408808810558025298e-19
4.649284781645598741e+03 1.567490779547409657e-16 6.334099034459360034e-19
4.671388449200801006e+03 1.581695441695246581e-16 6.378464755440066524e-19
4.693597202192232544e+03 1.598056267955338265e-16 6.516605262852212958e-19
4.715911540217912261e+03 1.598954449950146965e-16 6.534096729648937677e-19
4.738331965251077236e+03 1.615887633621950713e-16 6.554002260562462916e-19
4.760858981651452268e+03 1.611646051703189880e-16 6.576718240862280140e-19
4.783493096176563085e+03 1.639886309991880633e-16 6.556136017105398006e-19
4.806234817993196884e+03 1.628933565668196124e-16 7.449777490525466249e-19
4.829084658688823765e+03 1.624359166099290080e-16 7.506814199877453995e-19
4.852043132283080013e+03 1.663198893799551351e-16 6.764889749225946522e-19
4.875110755239395075e+03 1.670241404308469535e-16 6.222506437708284174e-19
4.898288046476534873e+03 1.711105796818899445e-16 5.840767574553729634e-19
4.921575527380353378e+03 1.733390747765012017e-16 5.666468291568987407e-19
4.944973721815440513e+03 1.740617934784324737e-16 5.537688812552149349e-19
4.968483156136977414e+03 1.771639714354833641e-16 5.524197388383676003e-19
4.992104359202549858e+03 1.783324622905498428e-16 5.604463138044358571e-19
5.015837862384007167e+03 1.787647788639532230e-16 5.862849910826378619e-19
5.039684199579487540e+03 1.771384638861985960e-16 6.017487890456559335e-19
5.063643907225387011e+03 1.770286691064902685e-16 5.764033434893025846e-19
5.087717524308403881e+03 1.767144368286382560e-16 5.712465914956833233e-19
5.111905592377734138e+03 1.747574071993737886e-16 5.695227540063667516e-19
5.136208655557164093e+03 1.723949145782116090e-16 7.121904509324933459e-19
5.160627260557404952e+03 1.729144314697428744e-16 6.505491070698994237e-19
5.185161956688301871e+03 1.715387193035855874e-16 5.960903208340745889e-19
5.209813295871262198e+03 1.719854502472776370e-16 5.414057965229683179e-19
5.234581832651644618e+03 1.717923147321505668e-16 5.147533694805128910e-19
5.259468124211199211e+03 1.728358360750225895e-16 4.971172452336945067e-19
5.284472730380667599e+03 1.738984537117881773e-16 6.329123285957765245e-19
5.309596213652340339e+03 -1.000000000000000000e+00 -1.000000000000000000e+00
5.334839139192684343e+03 -1.000000000000000000e+00 -1.000000000000000000e+00
5.360202074855125829e+03 -1.000000000000000000e+00 -1.000000000000000000e+00
5.385685591192744141e+03 -1.000000000000000000e+00 -1.000000000000000000e+00
5.411290261471187478e+03 -1.000000000000000000e+00 -1.000000000000000000e+00
5.437016661681485857e+03 -1.000000000000000000e+00 -1.000000000000000000e+00
5.462865370553082357e+03 -1.000000000000000000e+00 -1.000000000000000000e+00
5.488836969566823427e+03 -1.000000000000000000e+00 -1.000000000000000000e+00
5.514932042967998314e+03 -1.000000000000000000e+00 -1.000000000000000000e+00
5.541151177779557656e+03 -1.000000000000000000e+00 -1.000000000000000000e+00
5.567494963815280244e+03 -1.000000000000000000e+00 -1.000000000000000000e+00
5.593963993693007069e+03 -1.000000000000000000e+00 -1.000000000000000000e+00
5.620558862848053650e+03 -1.000000000000000000e+00 -1.000000000000000000e+00
5.647280169546515026e+03 -1.000000000000000000e+00 -1.000000000000000000e+00
5.674128514898810863e+03 1.828156197929556461e-16 3.916136091987841852e-18
5.701104502873122328e+03 1.765063340687043190e-16 8.166607274052605372e-19
5.728208740309051791e+03 1.743844142287595647e-16 1.078711270968173216e-18
5.755441836931246144e+03 1.819414136838952765e-16 1.042728123091871414e-18
5.782804405363072874e+03 1.863631110798126441e-16 8.898084608747961250e-19
5.810297061140477126e+03 1.853316424164708922e-16 7.825653647277240137e-19
5.837920422725786921e+03 1.832685176276096049e-16 7.382201391100721371e-19
5.865675111521594772e+03 1.819500584765139963e-16 7.720446188632122904e-19
5.893561751884816658e+03 1.826793436597747116e-16 7.924163935875036056e-19
5.921580971140646398e+03 1.832118898808945787e-16 7.682956273596085426e-19
5.949733399596757408e+03 1.818179316733103712e-16 8.980543738611140305e-19
5.978019670557388963e+03 1.848098976079485725e-16 7.538563981137939148e-19
6.006440420337679825e+03 1.844957469899213473e-16 6.828678708709038716e-19
6.034996288277939129e+03 1.838702410361678614e-16 6.364755168880171351e-19
6.063687916758000028e+03 1.836226761723960305e-16 6.208063607306726349e-19
6.092515951211737047e+03 1.846195520878462459e-16 6.414916627642295207e-19
6.121481040141554331e+03 1.832967250102270033e-16 6.375975861047158747e-19
6.150583835132932109e+03 1.809176031242876852e-16 6.771333782139246017e-19
6.179824990869174144e+03 1.846525480646471981e-16 7.188478831563910346e-19
6.209205165146034233e+03 1.846475921825226254e-16 6.224100136755585958e-19
6.238725018886603721e+03 1.858937740031384734e-16 5.668315437168536464e-19
6.268385216156138995e+03 1.826333958144027685e-16 5.284130675521617282e-19
6.298186424176960827e+03 1.818812124628625859e-16 5.668072185750525013e-19
6.328129313343556532e+03 1.819867074660774784e-16 5.855380682526295694e-19
6.358214557237558438e+03 1.805665708207480631e-16 6.266253417052692627e-19
6.388442832642982466e+03 1.790881722839807464e-16 5.848041338578291264e-19
6.418814819561416698e+03 1.801488900695913185e-16 6.200876438097103107e-19
6.449331201227280872e+03 1.789935250914658403e-16 5.374905703569809631e-19
6.479992664123285067e+03 1.794467368818431789e-16 4.886555978737814658e-19
6.510799897995768333e+03 1.783600523549871201e-16 4.662367612208395999e-19
6.541753595870306526e+03 1.778111075056777247e-16 4.705514227261681344e-19
6.572854454067261941e+03 1.774547850260581519e-16 4.811891442925481228e-19
6.604103172217414794e+03 1.755292139950936925e-16 5.064569762513409661e-19
6.635500453277782071e+03 1.730481745274688220e-16 4.424340833942285794e-19
6.667047003547335407e+03 1.711535043565644345e-16 5.379584590820936558e-19
6.698743532682974546e+03 1.714529577551802230e-16 4.872331996280203291e-19
6.730590753715463507e+03 1.701969287562107467e-16 4.398628193739393302e-19
6.762589383065413131e+03 1.711316351286579219e-16 4.165993763402904021e-19
6.794740140559511929e+03 1.716838337471736209e-16 4.044452601547714706e-19
6.827043749446587753e+03 1.702345876709253959e-16 4.160657652789257246e-19
6.859500936413994168e+03 1.700365034612501480e-16 4.071223135680770987e-19
6.892112431603904042e+03 1.684563737072724506e-16 4.221780103123524136e-19
6.924878968629698647e+03 1.664375979106227963e-16 3.919192234076674534e-19
6.957801284592562297e+03 1.637284494290567509e-16 4.659948908491158264e-19
6.990880120097957843e+03 1.641478830690650548e-16 4.047853710997299068e-19
7.024116219272383205e+03 1.617483820439681988e-16 3.687508248527440264e-19
7.057510329780066968e+03 1.600121916452626868e-16 3.478138068055486585e-19
7.091063202839749465e+03 1.594183502881415148e-16 3.395137623006707641e-19
7.124775593241660317e+03 1.560284269551763765e-16 3.395518879924060322e-19
7.158648259364461410e+03 1.556336853473043742e-16 3.493549993127358078e-19
7.192681963192260810e+03 1.522004056223855069e-16 3.622587021165038783e-19
7.226877470331854965e+03 1.489908198294294446e-16 3.338224439770769717e-19
7.261235550029838123e+03 1.465806751855812627e-16 4.033784781466972983e-19
7.295756975190018238e+03 1.464582083852132831e-16 3.621093479464097633e-19
7.330442522390694648e+03 1.461761541051309486e-16 3.313375210899504659e-19
7.365292971902219506e+03 1.443853371604662217e-16 3.108770919527074240e-19
7.400309107704518283e+03 1.428963109408087177e-16 3.003513960466121764e-19
7.435491717504673943e+03 1.417547426262321859e-16 3.016052642361999792e-19
7.470841592754737576e+03 1.405628010698045698e-16 3.174754235939562052e-19
7.506359528669483552e+03 1.392686815966860848e-16 3.421370039959827019e-19
7.542046324244267453e+03 1.357783658933812113e-16 3.085170257235564960e-19
7.577902782273087723e+03 1.302730906927942924e-16 2.588814781612382596e-19
7.613929709366530915e+03 1.264481924988684222e-16 2.524864467791213532e-19
7.650127915970047070e+03 1.286378005503753927e-16 2.676758065746614392e-19
7.686498216382045030e+03 1.259985011076379455e-16 2.849906234148562603e-19
7.723041428772323343e+03 1.267876041659602395e-16 2.725780539002605455e-19
7.759758375200432965e+03 1.274393218575724157e-16 2.767004658333972121e-19
7.796649881634122721e+03 1.282014488735557121e-16 2.756303847012342770e-19
7.833716777968003043e+03 1.281234731663278707e-16 2.979153381744941433e-19
7.870959898042184250e+03 1.278748973429249757e-16 3.121581847009560809e-19
7.908380079660973934e+03 1.261746431637272175e-16 2.861268793717687587e-19
7.945978164611841748e+03 1.250510810039852299e-16 2.853512942448954724e-19
7.983754998684224120e+03 1.224808922175869404e-16 3.000461247743528077e-19
8.021711431688682751e+03 1.221035863494601226e-16 2.717658807411558726e-19
8.059848317475888507e+03 1.206098959388388897e-16 2.487447007711513269e-19
8.098166513955948176e+03 1.205230388587037057e-16 2.358958515788463286e-19
8.136666883117648467e+03 1.208431601328219457e-16 2.269732603548853522e-19
8.175350291047803694e+03 1.200336553855685939e-16 2.278249194873542491e-19
8.214217607950831734e+03 1.211502437038904509e-16 2.361743703857125308e-19
8.253269708168287252e+03 1.200312361220270142e-16 2.686343125046216199e-19
8.292507470198474039e+03 1.181521054379973399e-16 2.681402163383265487e-19
8.331931776716324748e+03 1.154881053400662267e-16 2.367364690339147392e-19
8.371543514593129657e+03 1.145049521061931248e-16 2.766556695570002508e-19
8.411343574916614671e+03 1.150063035652875723e-16 2.658796571355649102e-19
8.451332853010855615e+03 1.152475970679609369e-16 2.459615757608425446e-19
8.491512248456532689e+03 1.165853364756839481e-16 2.311510199265079362e-19
8.531882665111128517e+03 1.171219198476051065e-16 2.172139958003914467e-19
8.572445011129188060e+03 1.187831169682339274e-16 2.141076116052491906e-19
8.613200198982875008e+03 1.191078166359928215e-16 2.247472261994537956e-19
8.654149145482428139e+03 1.195013639281985215e-16 2.316277097738511278e-19
8.695292771796750458e+03 1.199888169466637922e-16 2.368043699611292969e-19
8.736632003474231169e+03 1.179732128053306205e-16 2.600691507272704616e-19
8.778167770463445777e+03 1.159494617469324641e-16 2.122871061239454446e-19
8.819901007134192696e+03 1.142126142499841426e-16 2.588930389204018234e-19
8.861832652298457106e+03 1.142501097935656399e-16 2.445315076941573520e-19
8.903963649231474847e+03 1.140289297516258093e-16 2.308345840090220602e-19
8.946294945693087357e+03 1.148510553918577454e-16 2.035373243009019257e-19
8.988827493948907431e+03 1.150147531111439061e-16 2.039170666080807737e-19
9.031562250791870611e+03 1.154421481412989669e-16 2.009173928629703508e-19
9.074500177563704710e+03 1.161024335265327487e-16 1.987209498221013591e-19
9.117642240176504856e+03 1.158220295426734760e-16 2.048611981543068673e-19
9.160989409134583184e+03 1.146670233430202900e-16 2.203860277624772149e-19
9.204542659556162107e+03 1.140466783514387076e-16 2.430388173574840173e-19
9.248302971195427745e+03 1.127867331359959333e-16 2.171398393106936673e-19
9.292271328464526960e+03 1.145893343511215757e-16 2.401414128395152687e-19
9.336448720455649891e+03 1.183757789460601451e-16 2.490507147477501366e-19
9.380836140963412618e+03 1.161260346863364792e-16 2.490943847520373114e-19
9.425434588507056105e+03 1.186240973551063870e-16 2.323214579253084119e-19
9.470245066353052607e+03 1.182633699059844768e-16 2.302332852281035023e-19
9.515268582537613838e+03 1.184522696484889720e-16 2.248837990258882327e-19
9.560506149889302833e+03 1.176403353265783947e-16 2.243457235443052857e-19
9.605958786051958668e+03 1.166083259642023907e-16 2.357047120691495443e-19
9.651627513507435651e+03 1.153757096689174167e-16 2.700362438154722809e-19
9.697513359598737225e+03 1.158170101362421430e-16 3.114440083370108304e-19
9.743617356553064383e+03 1.148146628785065652e-16 3.136158988380778175e-19
9.789940541504993234e+03 1.104891055424821394e-16 8.295986120759850903e-19
9.836483956519919957e+03 -1.000000000000000000e+00 -1.000000000000000000e+00
9.883248648617365689e+03 -1.000000000000000000e+00 -1.000000000000000000e+00
9.930235669794657952e+03 -1.000000000000000000e+00 -1.000000000000000000e+00
9.977446077050535678e+03 -1.000000000000000000e+00 -1.000000000000000000e+00
1.002488093240887429e+04 -1.000000000000000000e+00 -1.000000000000000000e+00
1.007254130294269999e+04 1.078357620301748485e-16 3.075644738967517296e-18
1.012042826079808401e+04 1.094470741302473551e-16 1.888059526207425023e-18
1.016854288321830427e+04 1.106211827536180119e-16 1.810387829978914231e-18
1.021688625256812156e+04 1.116952132216978496e-16 9.550673368174434993e-19
1.026545945635800672e+04 1.119039066541945447e-16 9.722917693840165058e-19
1.031426358726875696e+04 1.141303474651217272e-16 7.780450732259697195e-19
1.036329974317596316e+04 1.096858667226379066e-16 6.687866672851348194e-19
1.041256902717473713e+04 1.038834882277151744e-16 5.428415999039844024e-19
1.046207254760458272e+04 1.037202428535200821e-16 4.548996567150224359e-19
1.051181141807420499e+04 1.021682988532082768e-16 4.354676422918867274e-19
1.056178675748671412e+04 9.983822813986905161e-17 4.266701409405881990e-19
1.061199969006466745e+04 9.827162667359649700e-17 4.557869585285020585e-19
1.066245134537541708e+04 9.914769790451891298e-17 4.783659497796223988e-19
1.071314285835655573e+04 9.969639525789225616e-17 6.274041800049852639e-19
1.076407536934132986e+04 9.757618351151614089e-17 4.763188947209796638e-19
1.081525002408444197e+04 9.567495752026347438e-17 6.013588655083172373e-19
1.086666797378770571e+04 9.373725124500910888e-17 4.062763887281024394e-19
1.091833037512599367e+04 9.225312416509055931e-17 4.860147518801259153e-19
1.097023839027329086e+04 9.105537492541966170e-17 4.733807522712006300e-19
1.102239318692872257e+04 9.175017002172598702e-17 4.536651971049851939e-19
1.107479593834297702e+04 9.004917895275717519e-17 4.322412406148127427e-19
1.112744782334457705e+04 8.986013581124418766e-17 3.765261768254750271e-19
1.118035002636643912e+04 8.806104845583607698e-17 4.247482411406406736e-19
1.123350373747256890e+04 8.490520254782937295e-17 3.457577290934722137e-19
1.128691015238469845e+04 8.258421258864117769e-17 4.174043900898278725e-19
1.134057047250935648e+04 8.151606795560324773e-17 3.471605638424775691e-19
1.139448590496476027e+04 8.110217315139545072e-17 3.729490995917327937e-19
1.144865766260801502e+04 8.090031992461235693e-17 3.532397431535354495e-19
1.150308696406245326e+04 7.788155488028174076e-17 3.941125934746358827e-19
1.155777503374490880e+04 7.780638739973212879e-17 4.549714155937883043e-19
1.161272310189343443e+04 7.743922175375825337e-17 3.869907913118812347e-19
1.166793240459484514e+04 7.747133686040827765e-17 4.163126827480078519e-19
1.172340418381256313e+04 7.744456285237854482e-17 3.253598989062476938e-19
1.177913968741461395e+04 7.523662964800513025e-17 2.942984924808929396e-19
1.183514016920156791e+04 7.462781896602220284e-17 2.768297268175238766e-19
1.189140688893490187e+04 7.351825446203535967e-17 2.590890278437011564e-19
1.194794111236521712e+04 7.080940975032369293e-17 3.269994702268900298e-19
1.200474411126075574e+04 7.053849203792808596e-17 4.025133324110766779e-19
1.206181716343605694e+04 7.159325346836625535e-17 2.859498733343964378e-19
1.211916155278057522e+04 6.980942776990137441e-17 4.368451957914854297e-19
1.217677856928772417e+04 6.989127026440255232e-17 4.136227596337333435e-19
1.223466950908376748e+04 6.956952969600002585e-17 4.079785650974133000e-19
1.229283567445702283e+04 6.658915125959133405e-17 3.379647411816000446e-19
1.235127837388720764e+04 6.501605570045820849e-17 2.456917127010544635e-19
1.240999892207473749e+04 6.357371338100514700e-17 2.476111892493847748e-19
1.246899863997047214e+04 6.173904462121337924e-17 2.450189441940284665e-19
1.252827885480529767e+04 5.952907108992155704e-17 2.555822877872047568e-19
1.258784090012003435e+04 5.403442701059218358e-17 4.035334288361126237e-19
1.264768611579548087e+04 5.120560081579356069e-17 6.203910788819849696e-19
1.270781584808242042e+04 5.363574809927102670e-17 5.292273882011842149e-19
1.276823144963208142e+04 5.857768148444144245e-17 5.461355574590324425e-19
1.282893427952642742e+04 6.058320649675678065e-17 3.574082450634098444e-19
1.288992570330878152e+04 5.925643534851034305e-17 4.013377837369861557e-19
1.295120709301459283e+04 6.022370088901106911e-17 2.249078915541710435e-19
1.301277982720216278e+04 5.941085876460052726e-17 2.819352170582603574e-19
1.307464529098383537e+04 5.862287775267923892e-17 5.269722941520454102e-19
1.313680487605702183e+04 -1.000000000000000000e+00 -1.000000000000000000e+00
1.319925998073554183e+04 -1.000000000000000000e+00 -1.000000000000000000e+00
1.326201200998113563e+04 -1.000000000000000000e+00 -1.000000000000000000e+00
1.332506237543498901e+04 -1.000000000000000000e+00 -1.000000000000000000e+00
1.338841249544952552e+04 -1.000000000000000000e+00 -1.000000000000000000e+00
1.345206379512032436e+04 -1.000000000000000000e+00 -1.000000000000000000e+00
1.351601770631813997e+04 -1.000000000000000000e+00 -1.000000000000000000e+00
1.358027566772118189e+04 -1.000000000000000000e+00 -1.000000000000000000e+00
1.364483912484740722e+04 -1.000000000000000000e+00 -1.000000000000000000e+00
1.370970953008706056e+04 -1.000000000000000000e+00 -1.000000000000000000e+00
1.377488834273536850e+04 -1.000000000000000000e+00 -1.000000000000000000e+00
1.384037702902532328e+04 -1.000000000000000000e+00 -1.000000000000000000e+00
1.390617706216074839e+04 -1.000000000000000000e+00 -1.000000000000000000e+00
1.397228992234933321e+04 -1.000000000000000000e+00 -1.000000000000000000e+00
1.403871709683600056e+04 -1.000000000000000000e+00 -1.000000000000000000e+00
1.410546007993634521e+04 -1.000000000000000000e+00 -1.000000000000000000e+00
1.417252037307023784e+04 -1.000000000000000000e+00 -1.000000000000000000e+00
1.423989948479564737e+04 -1.000000000000000000e+00 -1.000000000000000000e+00
1.430759893084250325e+04 -1.000000000000000000e+00 -1.000000000000000000e+00
1.437562023414683244e+04 5.090239073433832759e-17 1.510462250233729665e-19
1.444396492488506738e+04 5.007170666235489494e-17 1.232407847728399851e-19
1.451263454050832661e+04 4.855398764884340169e-17 2.021442902667822866e-19
1.458163062577718301e+04 4.856232283772377331e-17 2.163047079960889278e-19
1.465095473279626640e+04 4.834307645247002691e-17 2.178157279049240140e-19
1.472060842104924268e+04 4.784843551038706630e-17 2.035263795392695879e-19
1.479059325743394038e+04 4.536885220996608210e-17 2.853234543824232620e-19
1.486091081629744076e+04 4.586571914545340239e-17 2.385835519399165341e-19
1.493156267947170636e+04 4.622654933005574086e-17 1.230126239598635589e-19
1.500255043630899854e+04 4.530220886755210233e-17 2.580295117417254551e-19
1.507387568371768975e+04 4.538854737480590615e-17 1.709869242000469793e-19
1.514554002619824678e+04 4.523150878083873906e-17 1.825041001159839001e-19
1.521754507587915577e+04 4.549919287043987087e-17 1.519893881291025418e-19
1.528989245255341484e+04 4.542158354031622785e-17 1.169843978648654697e-19
1.536258378371478466e+04 4.446587349746613242e-17 2.580532506373994655e-19
1.543562070459447023e+04 4.349491966050817568e-17 1.487115932846946020e-19
1.550900485819797359e+04 4.244583455583039065e-17 2.110982360889047479e-19
1.558273789534186835e+04 4.204413528369588664e-17 2.069073606979885436e-19
1.565682147469117444e+04 4.090787854031224968e-17 1.581593349940264804e-19
1.573125726279648188e+04 4.019345957524363168e-17 1.777851489179851156e-19
1.580604693413150926e+04 3.946891114389057450e-17 2.385301849155453212e-19
1.588119217113083505e+04 3.970427610417126889e-17 1.338799894352506285e-19
1.595669466422757250e+04 3.994083810919112751e-17 1.697982410236783806e-19
1.603255611189161573e+04 3.905475216666895888e-17 1.957946855310788873e-19
1.610877822066767112e+04 3.897386643171708798e-17 1.032944437766810588e-19
1.618536270521371989e+04 3.792465949232717855e-17 2.210574552154887820e-19
1.626231128833965158e+04 3.746948973162386966e-17 1.378520100721336803e-19
1.633962570104582301e+04 3.600507509493460689e-17 1.814959112341221510e-19
1.641730768256225565e+04 3.489841512742898480e-17 1.457892709024880199e-19
1.649535898038756932e+04 3.533748649209572445e-17 1.228536532887200239e-19
1.657378135032833961e+04 3.513841955820176921e-17 9.038360178628882723e-20
1.665257655653869733e+04 3.370936505149362942e-17 2.033752420250939602e-19
1.673174637155979144e+04 3.452522916602586469e-17 1.040288692485163926e-19
1.681129257635994145e+04 3.449138243751650144e-17 1.089960243129607411e-19
1.689121696037448055e+04 3.394751652398196726e-17 1.526702193990316864e-19
1.697152132154608626e+04 3.448313457913322623e-17 1.191226179851950517e-19
1.705220746636530021e+04 3.398938396425560042e-17 1.837344908512219484e-19
1.713327720991098977e+04 3.429855235168061544e-17 1.076661425506478712e-19
1.721473237589139171e+04 3.298181723117463191e-17 1.308952019568602167e-19
1.729657479668495580e+04 3.263211101164288736e-17 1.160257693031931636e-19
1.737880631338165767e+04 3.200742804827035549e-17 1.423469648244025314e-19
1.746142877582446090e+04 3.095514259435614698e-17 9.738587449067112472e-20
1.754444404265073899e+04 3.104770553921263438e-17 6.813514969918609899e-20
1.762785398133434865e+04 3.025610511237863108e-17 1.558442361978525567e-19
1.771166046822742283e+04 3.031970604320536704e-17 7.675299003420846837e-20
1.779586538860266955e+04 3.038399807332669699e-17 1.039839362980969520e-19
1.788047063669585259e+04 2.934945902130849746e-17 1.680706277674490842e-19
1.796547811574818479e+04 -1.000000000000000000e+00 -1.000000000000000000e+00
1.805088973804943453e+04 -1.000000000000000000e+00 -1.000000000000000000e+00
1.813670742498069740e+04 -1.000000000000000000e+00 -1.000000000000000000e+00
1.822293310705772456e+04 -1.000000000000000000e+00 -1.000000000000000000e+00
1.830956872397442203e+04 -1.000000000000000000e+00 -1.000000000000000000e+00
1.839661622464625907e+04 -1.000000000000000000e+00 -1.000000000000000000e+00
1.848407756725440049e+04 -1.000000000000000000e+00 -1.000000000000000000e+00
1.857195471928951883e+04 -1.000000000000000000e+00 -1.000000000000000000e+00
1.866024965759617407e+04 -1.000000000000000000e+00 -1.000000000000000000e+00
1.874896436841730247e+04 -1.000000000000000000e+00 -1.000000000000000000e+00
1.883810084743873813e+04 -1.000000000000000000e+00 -1.000000000000000000e+00
1.892766109983434580e+04 -1.000000000000000000e+00 -1.000000000000000000e+00
1.901764714031094263e+04 -1.000000000000000000e+00 -1.000000000000000000e+00
1.910806099315365282e+04 -1.000000000000000000e+00 -1.000000000000000000e+00
1.919890469227156427e+04 -1.000000000000000000e+00 -1.000000000000000000e+00
1.929018028124331249e+04 -1.000000000000000000e+00 -1.000000000000000000e+00
1.938188981336315192e+04 2.818069407772627360e-17 7.033455700376878821e-20
1.947403535168713279e+04 2.747518821509854247e-17 8.209225940416457340e-20
1.956661896907948540e+04 2.597909503248947524e-17 8.363570769418936703e-20
1.965964274825931716e+04 2.589400140917412019e-17 9.763637856558996163e-20
1.975310878184735702e+04 2.545192003531444811e-17 1.043333488798275110e-19
1.984701917241312185e+04 2.549933026434170141e-17 6.738695566868968094e-20
1.994137603252216650e+04 2.472877903430321274e-17 1.220416500571020036e-19
2.003618148478360672e+04 2.334268053170022074e-17 6.858410144997659197e-20
2.013143766189795133e+04 2.366595461273550966e-17 7.193627427933879807e-20
2.022714670670493797e+04 2.519914184837232254e-17 7.268255919999749449e-20
2.032331077223184548e+04 2.456260496292671258e-17 1.183327218464646799e-19
2.041993202174187536e+04 2.294652323873008522e-17 8.110405191250199504e-20
2.051701262878283160e+04 2.098395401343446408e-17 1.165454481366278566e-19
2.061455477723605509e+04 2.191529346905974296e-17 8.695811312714379351e-20
2.071256066136547815e+04 2.201321413197416011e-17 1.133828778993521058e-19
2.081103248586701739e+04 2.099517707667246772e-17 1.241253528604049784e-19
2.090997246591818475e+04 2.136726892587989587e-17 7.777692929392079923e-20
2.100938282722788790e+04 1.993018764960151841e-17 1.075502773987002946e-19
2.110926580608657605e+04 2.028628688606664201e-17 1.070189385332234147e-19
2.120962364941642591e+04 2.015154659229788362e-17 1.027688211583429982e-19
2.131045861482194596e+04 2.032251462684700870e-17 9.499647039029855109e-20
2.141177297064086451e+04 2.009242661327191765e-17 1.266927407013756920e-19
2.151356899599489770e+04 1.893243958233448605e-17 1.083781101712839181e-19
2.161584898084133965e+04 1.913600915680868677e-17 1.016360089398649261e-19
2.171861522602431432e+04 1.826423657570755745e-17 1.204181936407414233e-19
2.182187004332666038e+04 1.789666754376383765e-17 1.127766582097507169e-19
2.192561575552199429e+04 1.666443791130868469e-17 1.303939767552138818e-19
2.202985469642671160e+04 1.700930284656162448e-17 1.389510437770674249e-19
2.213458921095283222e+04 1.644097043115328341e-17 1.213431438735048071e-19
2.223982165516047826e+04 1.569974580710185700e-17 1.466412536550896886e-19
2.234555439631097397e+04 1.524116626545836898e-17 1.440770361964476436e-19
2.245178981292017488e+04 -1.000000000000000000e+00 -1.000000000000000000e+00
2.255853029481176418e+04 -1.000000000000000000e+00 -1.000000000000000000e+00
2.266577824317127306e+04 -1.000000000000000000e+00 -1.000000000000000000e+00
2.277353607059990100e+04 -1.000000000000000000e+00 -1.000000000000000000e+00
2.288180620116884165e+04 -1.000000000000000000e+00 -1.000000000000000000e+00
2.299059107047392536e+04 -1.000000000000000000e+00 -1.000000000000000000e+00
2.309989312569014146e+04 -1.000000000000000000e+00 -1.000000000000000000e+00
2.320971482562704114e+04 -1.000000000000000000e+00 -1.000000000000000000e+00
2.332005864078375453e+04 -1.000000000000000000e+00 -1.000000000000000000e+00
2.343092705340468819e+04 -1.000000000000000000e+00 -1.000000000000000000e+00
2.354232255753544814e+04 -1.000000000000000000e+00 -1.000000000000000000e+00
2.365424765907868277e+04 -1.000000000000000000e+00 -1.000000000000000000e+00
2.376670487585079900e+04 -1.000000000000000000e+00 -1.000000000000000000e+00
2.387969673763832179e+04 -1.000000000000000000e+00 -1.000000000000000000e+00
2.399322578625490860e+04 -1.000000000000000000e+00 -1.000000000000000000e+00
2.410729457559863658e+04 -1.000000000000000000e+00 -1.000000000000000000e+00
2.422190567170915529e+04 -1.000000000000000000e+00 -1.000000000000000000e+00
2.433706165282579241e+04 -1.000000000000000000e+00 -1.000000000000000000e+00
2.445276510944525216e+04 -1.000000000000000000e+00 -1.000000000000000000e+00
2.456901864438000121e+04 -1.000000000000000000e+00 -1.000000000000000000e+00
2.468582487281691647e+04 -1.000000000000000000e+00 -1.000000000000000000e+00
2.480318642237584936e+04 -1.000000000000000000e+00 -1.000000000000000000e+00
2.492110593316907762e+04 -1.000000000000000000e+00 -1.000000000000000000e+00
2.503958605786040425e+04 -1.000000000000000000e+00 -1.000000000000000000e+00
2.515862946172496959e+04 -1.000000000000000000e+00 -1.000000000000000000e+00
2.527823882270928516e+04 -1.000000000000000000e+00 -1.000000000000000000e+00
2.539841683149118762e+04 -1.000000000000000000e+00 -1.000000000000000000e+00
2.551916619154074942e+04 -1.000000000000000000e+00 -1.000000000000000000e+00
2.564048961918078203e+04 -1.000000000000000000e+00 -1.000000000000000000e+00
2.576238984364808130e+04 -1.000000000000000000e+00 -1.000000000000000000e+00
2.588486960715489113e+04 -1.000000000000000000e+00 -1.000000000000000000e+00
2.600793166495033074e+04 -1.000000000000000000e+00 -1.000000000000000000e+00
2.613157878538271689e+04 -1.000000000000000000e+00 -1.000000000000000000e+00
2.625581374996158775e+04 -1.000000000000000000e+00 -1.000000000000000000e+00
2.638063935342032710e+04 -1.000000000000000000e+00 -1.000000000000000000e+00
2.650605840377919958e+04 -1.000000000000000000e+00 -1.000000000000000000e+00
2.663207372240817494e+04 -1.000000000000000000e+00 -1.000000000000000000e+00
2.675868814409080005e+04 -1.000000000000000000e+00 -1.000000000000000000e+00
2.688590451708765613e+04 -1.000000000000000000e+00 -1.000000000000000000e+00
2.701372570320056548e+04 -1.000000000000000000e+00 -1.000000000000000000e+00
2.714215457783704187e+04 -1.000000000000000000e+00 -1.000000000000000000e+00
2.727119403007469737e+04 -1.000000000000000000e+00 -1.000000000000000000e+00
2.740084696272662404e+04 -1.000000000000000000e+00 -1.000000000000000000e+00
2.753111629240637194e+04 -1.000000000000000000e+00 -1.000000000000000000e+00
2.766200494959367279e+04 -1.000000000000000000e+00 -1.000000000000000000e+00
2.779351587870047297e+04 -1.000000000000000000e+00 -1.000000000000000000e+00
2.792565203813696280e+04 -1.000000000000000000e+00 -1.000000000000000000e+00
2.805841640037826801e+04 -1.000000000000000000e+00 -1.000000000000000000e+00
2.819181195203127209e+04 -1.000000000000000000e+00 -1.000000000000000000e+00
2.832584169390178431e+04 -1.000000000000000000e+00 -1.000000000000000000e+00
2.846050864106217341e+04 -1.000000000000000000e+00 -1.000000000000000000e+00
2.859581582291896120e+04 -1.000000000000000000e+00 -1.000000000000000000e+00
2.873176628328117295e+04 -1.000000000000000000e+00 -1.000000000000000000e+00
2.886836308042870223e+04 -1.000000000000000000e+00 -1.000000000000000000e+00
2.900560928718113792e+04 -1.000000000000000000e+00 -1.000000000000000000e+00
2.914350799096696210e+04 -1.000000000000000000e+00 -1.000000000000000000e+00
2.928206229389285363e+04 -1.000000000000000000e+00 -1.000000000000000000e+00
2.942127531281357733e+04 -1.000000000000000000e+00 -1.000000000000000000e+00
2.956115017940208782e+04 -1.000000000000000000e+00 -1.000000000000000000e+00
2.970169004021991350e+04 -1.000000000000000000e+00 -1.000000000000000000e+00
2.984289805678810080e+04 -1.000000000000000000e+00 -1.000000000000000000e+00
2.998477740565812564e+04 -1.000000000000000000e+00 -1.000000000000000000e+00
3.012733127848347794e+04 -1.000000000000000000e+00 -1.000000000000000000e+00
3.027056288209143895e+04 -1.000000000000000000e+00 -1.000000000000000000e+00
3.041447543855518234e+04 -1.000000000000000000e+00 -1.000000000000000000e+00
3.055907218526638098e+04 -1.000000000000000000e+00 -1.000000000000000000e+00
3.070435637500784651e+04 -1.000000000000000000e+00 -1.000000000000000000e+00
3.085033127602679815e+04 -1.000000000000000000e+00 -1.000000000000000000e+00
3.099700017210851001e+04 -1.000000000000000000e+00 -1.000000000000000000e+00
3.114436636264982735e+04 -1.000000000000000000e+00 -1.000000000000000000e+00
3.129243316273384698e+04 -1.000000000000000000e+00 -1.000000000000000000e+00
3.144120390320412480e+04 -1.000000000000000000e+00 -1.000000000000000000e+00
3.159068193073974544e+04 -1.000000000000000000e+00 -1.000000000000000000e+00
3.174087060793072669e+04 -1.000000000000000000e+00 -1.000000000000000000e+00
3.189177331335331473e+04 -1.000000000000000000e+00 -1.000000000000000000e+00
3.204339344164643990e+04 -1.000000000000000000e+00 -1.000000000000000000e+00
3.219573440358772496e+04 -1.000000000000000000e+00 -1.000000000000000000e+00
3.234879962617033016e+04 -1.000000000000000000e+00 -1.000000000000000000e+00
3.250259255268019115e+04 -1.000000000000000000e+00 -1.000000000000000000e+00
3.265711664277310774e+04 -1.000000000000000000e+00 -1.000000000000000000e+00
3.281237537255304051e+04 -1.000000000000000000e+00 -1.000000000000000000e+00
3.296837223464994167e+04 -1.000000000000000000e+00 -1.000000000000000000e+00
3.312511073829844099e+04 -1.000000000000000000e+00 -1.000000000000000000e+00
3.328259440941694629e+04 -1.000000000000000000e+00 -1.000000000000000000e+00
3.344082679068656580e+04 -1.000000000000000000e+00 -1.000000000000000000e+00
3.359981144163130375e+04 -1.000000000000000000e+00 -1.000000000000000000e+00
3.375955193869773211e+04 -1.000000000000000000e+00 -1.000000000000000000e+00
3.392005187533560820e+04 -1.000000000000000000e+00 -1.000000000000000000e+00
3.408131486207882699e+04 -1.000000000000000000e+00 -1.000000000000000000e+00
3.424334452662627154e+04 -1.000000000000000000e+00 -1.000000000000000000e+00
3.440614451392390765e+04 -1.000000000000000000e+00 -1.000000000000000000e+00
3.456971848624637641e+04 -1.000000000000000000e+00 -1.000000000000000000e+00
3.473407012327956181e+04 -1.000000000000000000e+00 -1.000000000000000000e+00
3.489920312220346386e+04 -1.000000000000000000e+00 -1.000000000000000000e+00
3.506512119777499902e+04 -1.000000000000000000e+00 -1.000000000000000000e+00
3.523182808241206658e+04 -1.000000000000000000e+00 -1.000000000000000000e+00
3.539932752627711307e+04 -1.000000000000000000e+00 -1.000000000000000000e+00
3.556762329736162064e+04 -1.000000000000000000e+00 -1.000000000000000000e+00
3.573671918157107575e+04 -1.000000000000000000e+00 -1.000000000000000000e+00
3.590661898280963942e+04 -1.000000000000000000e+00 -1.000000000000000000e+00
3.607732652306631644e+04 -1.000000000000000000e+00 -1.000000000000000000e+00
3.624884564250047697e+04 -1.000000000000000000e+00 -1.000000000000000000e+00
3.642118019952842587e+04 -1.000000000000000000e+00 -1.000000000000000000e+00
3.659433407091032132e+04 -1.000000000000000000e+00 -1.000000000000000000e+00
3.676831115183696966e+04 -1.000000000000000000e+00 -1.000000000000000000e+00
3.694311535601802461e+04 -1.000000000000000000e+00 -1.000000000000000000e+00
3.711875061576953885e+04 -1.000000000000000000e+00 -1.000000000000000000e+00
3.729522088210264337e+04 -1.000000000000000000e+00 -1.000000000000000000e+00
3.747253012481253245e+04 -1.000000000000000000e+00 -1.000000000000000000e+00
3.765068233256737585e+04 -1.000000000000000000e+00 -1.000000000000000000e+00
3.782968151299856981e+04 -1.000000000000000000e+00 -1.000000000000000000e+00
3.800953169279046415e+04 -1.000000000000000000e+00 -1.000000000000000000e+00
3.819023691777111526e+04 -1.000000000000000000e+00 -1.000000000000000000e+00
3.837180125300342479e+04 -1.000000000000000000e+00 -1.000000000000000000e+00
3.855422878287620551e+04 -1.000000000000000000e+00 -1.000000000000000000e+00
3.873752361119654233e+04 -1.000000000000000000e+00 -1.000000000000000000e+00
3.892168986128173856e+04 -1.000000000000000000e+00 -1.000000000000000000e+00
3.910673167605222261e+04 -1.000000000000000000e+00 -1.000000000000000000e+00
3.929265321812484035e+04 -1.000000000000000000e+00 -1.000000000000000000e+00
3.947945866990615468e+04 -1.000000000000000000e+00 -1.000000000000000000e+00
3.966715223368701118e+04 -1.000000000000000000e+00 -1.000000000000000000e+00
3.985573813173666713e+04 -1.000000000000000000e+00 -1.000000000000000000e+00
4.004522060639791744e+04 -1.000000000000000000e+00 -1.000000000000000000e+00
4.023560392018267885e+04 -1.000000000000000000e+00 -1.000000000000000000e+00
4.042689235586760333e+04 -1.000000000000000000e+00 -1.000000000000000000e+00
4.061909021659059363e+04 -1.000000000000000000e+00 -1.000000000000000000e+00
4.081220182594757352e+04 -1.000000000000000000e+00 -1.000000000000000000e+00
4.100623152808968734e+04 -1.000000000000000000e+00 -1.000000000000000000e+00
4.120118368782121979e+04 -1.000000000000000000e+00 -1.000000000000000000e+00
4.139706269069750851e+04 -1.000000000000000000e+00 -1.000000000000000000e+00
4.159387294312376616e+04 -1.000000000000000000e+00 -1.000000000000000000e+00
4.179161887245419348e+04 -1.000000000000000000e+00 -1.000000000000000000e+00
4.199030492709150712e+04 -1.000000000000000000e+00 -1.000000000000000000e+00
4.218993557658716600e+04 -1.000000000000000000e+00 -1.000000000000000000e+00
4.239051531174170668e+04 -1.000000000000000000e+00 -1.000000000000000000e+00
4.259204864470587927e+04 -1.000000000000000000e+00 -1.000000000000000000e+00
4.279454010908216151e+04 -1.000000000000000000e+00 -1.000000000000000000e+00
4.299799426002667315e+04 -1.000000000000000000e+00 -1.000000000000000000e+00
4.320241567435181059e+04 -1.000000000000000000e+00 -1.000000000000000000e+00
4.340780895062897616e+04 -1.000000000000000000e+00 -1.000000000000000000e+00
4.361417870929216588e+04 -1.000000000000000000e+00 -1.000000000000000000e+00
4.382152959274189197e+04 -1.000000000000000000e+00 -1.000000000000000000e+00
4.402986626544956380e+04 -1.000000000000000000e+00 -1.000000000000000000e+00
4.423919341406256717e+04 -1.000000000000000000e+00 -1.000000000000000000e+00
4.444951574750948930e+04 -1.000000000000000000e+00 -1.000000000000000000e+00
4.466083799710610765e+04 -1.000000000000000000e+00 -1.000000000000000000e+00
4.487316491666207003e+04 -1.000000000000000000e+00 -1.000000000000000000e+00
4.508650128258728364e+04 -1.000000000000000000e+00 -1.000000000000000000e+00
4.530085189400002855e+04 -1.000000000000000000e+00 -1.000000000000000000e+00
4.551622157283443084e+04 -1.000000000000000000e+00 -1.000000000000000000e+00
4.573261516394905630e+04 -1.000000000000000000e+00 -1.000000000000000000e+00
4.595003753523614432e+04 -1.000000000000000000e+00 -1.000000000000000000e+00
4.616849357773058728e+04 -1.000000000000000000e+00 -1.000000000000000000e+00
4.638798820572059049e+04 -1.000000000000000000e+00 -1.000000000000000000e+00
4.660852635685772111e+04 -1.000000000000000000e+00 -1.000000000000000000e+00
4.683011299226817209e+04 -1.000000000000000000e+00 -1.000000000000000000e+00
4.705275309666455723e+04 -1.000000000000000000e+00 -1.000000000000000000e+00
4.727645167845751712e+04 -1.000000000000000000e+00 -1.000000000000000000e+00
4.750121376986904215e+04 -1.000000000000000000e+00 -1.000000000000000000e+00
4.772704442704517714e+04 -1.000000000000000000e+00 -1.000000000000000000e+00
4.795394873016991914e+04 -1.000000000000000000e+00 -1.000000000000000000e+00
4.818193178357973375e+04 -1.000000000000000000e+00 -1.000000000000000000e+00
4.841099871587781672e+04 -1.000000000000000000e+00 -1.000000000000000000e+00
4.864115468005013099e+04 -1.000000000000000000e+00 -1.000000000000000000e+00
4.887240485358084698e+04 -1.000000000000000000e+00 -1.000000000000000000e+00
4.910475443856893980e+04 -1.000000000000000000e+00 -1.000000000000000000e+00
4.933820866184546321e+04 -1.000000000000000000e+00 -1.000000000000000000e+00
4.957277277509056148e+04 -1.000000000000000000e+00 -1.000000000000000000e+00
4.980845205495231494e+04 -1.000000000000000000e+00 -1.000000000000000000e+00
5.004525180316487240e+04 -1.000000000000000000e+00 -1.000000000000000000e+00
5.028317734666792967e+04 -1.000000000000000000e+00 -1.000000000000000000e+00
5.052223403772679012e+04 -1.000000000000000000e+00 -1.000000000000000000e+00
5.076242725405216333e+04 -1.000000000000000000e+00 -1.000000000000000000e+00
5.100376239892186277e+04 -1.000000000000000000e+00 -1.000000000000000000e+00
5.124624490130184131e+04 -1.000000000000000000e+00 -1.000000000000000000e+00
5.148988021596843464e+04 -1.000000000000000000e+00 -1.000000000000000000e+00
5.173467382363137585e+04 -1.000000000000000000e+00 -1.000000000000000000e+00
5.198063123105644627e+04 -1.000000000000000000e+00 -1.000000000000000000e+00
5.222775797119011258e+04 -1.000000000000000000e+00 -1.000000000000000000e+00
5.247605960328337824e+04 -1.000000000000000000e+00 -1.000000000000000000e+00
5.272554171301712631e+04 -1.000000000000000000e+00 -1.000000000000000000e+00
5.297620991262792813e+04 -1.000000000000000000e+00 -1.000000000000000000e+00
5.322806984103371360e+04 -1.000000000000000000e+00 -1.000000000000000000e+00
5.348112716396137694e+04 -1.000000000000000000e+00 -1.000000000000000000e+00
5.373538757407364756e+04 -1.000000000000000000e+00 -1.000000000000000000e+00
5.399085679109736520e+04 -1.000000000000000000e+00 -1.000000000000000000e+00
5.424754056195235171e+04 -1.000000000000000000e+00 -1.000000000000000000e+00
5.450544466088008630e+04 -1.000000000000000000e+00 -1.000000000000000000e+00
5.476457488957440364e+04 -1.000000000000000000e+00 -1.000000000000000000e+00
5.502493707731136237e+04 -1.000000000000000000e+00 -1.000000000000000000e+00
5.528653708108061255e+04 -1.000000000000000000e+00 -1.000000000000000000e+00
5.554938078571738151e+04 -1.000000000000000000e+00 -1.000000000000000000e+00
5.581347410403424146e+04 -1.000000000000000000e+00 -1.000000000000000000e+00
5.607882297695488523e+04 -1.000000000000000000e+00 -1.000000000000000000e+00
5.634543337364715990e+04 -1.000000000000000000e+00 -1.000000000000000000e+00
5.661331129165762104e+04 -1.000000000000000000e+00 -1.000000000000000000e+00
5.688246275704658910e+04 -1.000000000000000000e+00 -1.000000000000000000e+00
5.715289382452314749e+04 -1.000000000000000000e+00 -1.000000000000000000e+00
5.742461057758212701e+04 -1.000000000000000000e+00 -1.000000000000000000e+00
5.769761912864035548e+04 -1.000000000000000000e+00 -1.000000000000000000e+00
5.797192561917431885e+04 -1.000000000000000000e+00 -1.000000000000000000e+00
5.824753621985854988e+04 -1.000000000000000000e+00 -1.000000000000000000e+00
5.852445713070410420e+04 -1.000000000000000000e+00 -1.000000000000000000e+00
5.880269458119819319e+04 -1.000000000000000000e+00 -1.000000000000000000e+00
5.908225483044434804e+04 -1.000000000000000000e+00 -1.000000000000000000e+00
5.936314416730308585e+04 -1.000000000000000000e+00 -1.000000000000000000e+00
5.964536891053371073e+04 -1.000000000000000000e+00 -1.000000000000000000e+00
5.992893540893595491e+04 -1.000000000000000000e+00 -1.000000000000000000e+00
6.021385004149321321e+04 -1.000000000000000000e+00 -1.000000000000000000e+00
6.050011921751585032e+04 -1.000000000000000000e+00 -1.000000000000000000e+00
6.078774937678536662e+04 -1.000000000000000000e+00 -1.000000000000000000e+00
6.107674698969953897e+04 -1.000000000000000000e+00 -1.000000000000000000e+00
6.136711855741751788e+04 -1.000000000000000000e+00 -1.000000000000000000e+00
6.165887061200645257e+04 -1.000000000000000000e+00 -1.000000000000000000e+00
6.195200971658823255e+04 -1.000000000000000000e+00 -1.000000000000000000e+00
6.224654246548718947e+04 -1.000000000000000000e+00 -1.000000000000000000e+00
6.254247548437858495e+04 -1.000000000000000000e+00 -1.000000000000000000e+00
6.283981543043736019e+04 -1.000000000000000000e+00 -1.000000000000000000e+00
6.313856899248811533e+04 -1.000000000000000000e+00 -1.000000000000000000e+00
6.343874289115549618e+04 -1.000000000000000000e+00 -1.000000000000000000e+00
6.374034387901534501e+04 -1.000000000000000000e+00 -1.000000000000000000e+00
6.404337874074683350e+04 -1.000000000000000000e+00 -1.000000000000000000e+00
6.434785429328476312e+04 -1.000000000000000000e+00 -1.000000000000000000e+00
6.465377738597299322e+04 -1.000000000000000000e+00 -1.000000000000000000e+00
6.496115490071890963e+04 -1.000000000000000000e+00 -1.000000000000000000e+00
6.526999375214742759e+04 -1.000000000000000000e+00 -1.000000000000000000e+00
6.558030088775749027e+04 -1.000000000000000000e+00 -1.000000000000000000e+00
6.589208328807765793e+04 -1.000000000000000000e+00 -1.000000000000000000e+00
6.620534796682333399e+04 -1.000000000000000000e+00 -1.000000000000000000e+00
6.652010197105488623e+04 -1.000000000000000000e+00 -1.000000000000000000e+00
6.683635238133539679e+04 -1.000000000000000000e+00 -1.000000000000000000e+00
6.715410631189089327e+04 -1.000000000000000000e+00 -1.000000000000000000e+00
6.747337091076961951e+04 -1.000000000000000000e+00 -1.000000000000000000e+00
6.779415336000316893e+04 -1.000000000000000000e+00 -1.000000000000000000e+00
6.811646087576824357e+04 -1.000000000000000000e+00 -1.000000000000000000e+00
6.844030070854829683e+04 -1.000000000000000000e+00 -1.000000000000000000e+00
6.876568014329754806e+04 -1.000000000000000000e+00 -1.000000000000000000e+00
6.909260649960415321e+04 -1.000000000000000000e+00 -1.000000000000000000e+00
6.942108713185510715e+04 -1.000000000000000000e+00 -1.000000000000000000e+00
6.975112942940196081e+04 -1.000000000000000000e+00 -1.000000000000000000e+00
7.008274081672629109e+04 -1.000000000000000000e+00 -1.000000000000000000e+00
7.041592875360770267e+04 -1.000000000000000000e+00 -1.000000000000000000e+00
7.075070073529088404e+04 -1.000000000000000000e+00 -1.000000000000000000e+00
7.108706429265442421e+04 -1.000000000000000000e+00 -1.000000000000000000e+00
7.142502699238060450e+04 -1.000000000000000000e+00 -1.000000000000000000e+00
7.176459643712476827e+04 -1.000000000000000000e+00 -1.000000000000000000e+00
7.210578026568741188e+04 -1.000000000000000000e+00 -1.000000000000000000e+00
7.244858615318509692e+04 -1.000000000000000000e+00 -1.000000000000000000e+00
7.279302181122358888e+04 -1.000000000000000000e+00 -1.000000000000000000e+00
7.313909498807147611e+04 -1.000000000000000000e+00 -1.000000000000000000e+00
7.348681346883368678e+04 -1.000000000000000000e+00 -1.000000000000000000e+00
7.383618507562774175e+04 -1.000000000000000000e+00 -1.000000000000000000e+00
7.418721766775877040e+04 -1.000000000000000000e+00 -1.000000000000000000e+00
7.453991914189672389e+04 -1.000000000000000000e+00 -1.000000000000000000e+00
7.489429743225425773e+04 -1.000000000000000000e+00 -1.000000000000000000e+00
7.525036051076438162e+04 -1.000000000000000000e+00 -1.000000000000000000e+00
7.560811638726088859e+04 -1.000000000000000000e+00 -1.000000000000000000e+00
7.596757310965763463e+04 -1.000000000000000000e+00 -1.000000000000000000e+00
7.632873876412998652e+04 -1.000000000000000000e+00 -1.000000000000000000e+00
7.669162147529696813e+04 -1.000000000000000000e+00 -1.000000000000000000e+00
7.705622940640318848e+04 -1.000000000000000000e+00 -1.000000000000000000e+00
7.742257075950353465e+04 -1.000000000000000000e+00 -1.000000000000000000e+00
7.779065377564690425e+04 -1.000000000000000000e+00 -1.000000000000000000e+00
7.816048673506182968e+04 -1.000000000000000000e+00 -1.000000000000000000e+00
7.853207795734309184e+04 -1.000000000000000000e+00 -1.000000000000000000e+00
7.890543580163801380e+04 -1.000000000000000000e+00 -1.000000000000000000e+00
7.928056866683556291e+04 -1.000000000000000000e+00 -1.000000000000000000e+00
7.965748499175452162e+04 -1.000000000000000000e+00 -1.000000000000000000e+00
8.003619325533353549e+04 -1.000000000000000000e+00 -1.000000000000000000e+00
8.041670197682217986e+04 -1.000000000000000000e+00 -1.000000000000000000e+00
8.079901971597179363e+04 -1.000000000000000000e+00 -1.000000000000000000e+00
8.118315507322912163e+04 -1.000000000000000000e+00 -1.000000000000000000e+00
8.156911668992886553e+04 -1.000000000000000000e+00 -1.000000000000000000e+00
8.195691324848847580e+04 -1.000000000000000000e+00 -1.000000000000000000e+00
8.234655347260370036e+04 -1.000000000000000000e+00 -1.000000000000000000e+00
8.273804612744403130e+04 -1.000000000000000000e+00 -1.000000000000000000e+00
8.313140001985091658e+04 -1.000000000000000000e+00 -1.000000000000000000e+00
8.352662399853508396e+04 -1.000000000000000000e+00 -1.000000000000000000e+00
8.392372695427584404e+04 -1.000000000000000000e+00 -1.000000000000000000e+00
8.432271782012147014e+04 -1.000000000000000000e+00 -1.000000000000000000e+00
8.472360557158921438e+04 -1.000000000000000000e+00 -1.000000000000000000e+00
8.512639922686840873e+04 -1.000000000000000000e+00 -1.000000000000000000e+00
8.553110784702235833e+04 -1.000000000000000000e+00 -1.000000000000000000e+00
8.593774053619257757e+04 -1.000000000000000000e+00 -1.000000000000000000e+00
8.634630644180384115e+04 -1.000000000000000000e+00 -1.000000000000000000e+00
8.675681475476936612e+04 -1.000000000000000000e+00 -1.000000000000000000e+00
8.716927470969804563e+04 -1.000000000000000000e+00 -1.000000000000000000e+00
8.758369558510197385e+04 -1.000000000000000000e+00 -1.000000000000000000e+00
8.800008670360512042e+04 -1.000000000000000000e+00 -1.000000000000000000e+00
8.841845743215350376e+04 -1.000000000000000000e+00 -1.000000000000000000e+00
8.883881718222516065e+04 -1.000000000000000000e+00 -1.000000000000000000e+00
8.926117541004245868e+04 -1.000000000000000000e+00 -1.000000000000000000e+00
8.968554161678452510e+04 -1.000000000000000000e+00 -1.000000000000000000e+00
9.011192534880105813e+04 -1.000000000000000000e+00 -1.000000000000000000e+00
9.054033619782728783e+04 -1.000000000000000000e+00 -1.000000000000000000e+00
9.097078380119934445e+04 -1.000000000000000000e+00 -1.000000000000000000e+00
9.140327784207128570e+04 -1.000000000000000000e+00 -1.000000000000000000e+00
9.183782804963295348e+04 -1.000000000000000000e+00 -1.000000000000000000e+00
9.227444419932864548e+04 -1.000000000000000000e+00 -1.000000000000000000e+00
9.271313611307748943e+04 -1.000000000000000000e+00 -1.000000000000000000e+00
9.315391365949374449e+04 -1.000000000000000000e+00 -1.000000000000000000e+00
9.359678675410909636e+04 -1.000000000000000000e+00 -1.000000000000000000e+00
9.404176535959616012e+04 -1.000000000000000000e+00 -1.000000000000000000e+00
9.448885948599147378e+04 -1.000000000000000000e+00 -1.000000000000000000e+00
9.493807919092204247e+04 -1.000000000000000000e+00 -1.000000000000000000e+00
9.538943457983055850e+04 -1.000000000000000000e+00 -1.000000000000000000e+00
9.584293580620306602e+04 -1.000000000000000000e+00 -1.000000000000000000e+00
9.629859307179778989e+04 -1.000000000000000000e+00 -1.000000000000000000e+00
9.675641662687358621e+04 -1.000000000000000000e+00 -1.000000000000000000e+00
9.721641677042179799e+04 -1.000000000000000000e+00 -1.000000000000000000e+00
9.767860385039699031e+04 -1.000000000000000000e+00 -1.000000000000000000e+00
9.814298826395001379e+04 -1.000000000000000000e+00 -1.000000000000000000e+00
9.860958045766236319e+04 -1.000000000000000000e+00 -1.000000000000000000e+00
9.907839092778002669e+04 -1.000000000000000000e+00 -1.000000000000000000e+00
9.954943022045104590e+04 -1.000000000000000000e+00 -1.000000000000000000e+00
1.000227089319616643e+05 -1.000000000000000000e+00 -1.000000000000000000e+00
1.004982377089751535e+05 -1.000000000000000000e+00 -1.000000000000000000e+00
1.009760272487711190e+05 -1.000000000000000000e+00 -1.000000000000000000e+00
1.014560882994866261e+05 -1.000000000000000000e+00 -1.000000000000000000e+00
1.019384316603572515e+05 -1.000000000000000000e+00 -1.000000000000000000e+00
1.024230681819605234e+05 -1.000000000000000000e+00 -1.000000000000000000e+00
1.029100087664598686e+05 -1.000000000000000000e+00 -1.000000000000000000e+00
1.033992643678497261e+05 -1.000000000000000000e+00 -1.000000000000000000e+00
1.038908459922025067e+05 -1.000000000000000000e+00 -1.000000000000000000e+00
1.043847646979153506e+05 -1.000000000000000000e+00 -1.000000000000000000e+00
1.048810315959595318e+05 -1.000000000000000000e+00 -1.000000000000000000e+00
1.053796578501301119e+05 -1.000000000000000000e+00 -1.000000000000000000e+00
1.058806546772971051e+05 -1.000000000000000000e+00 -1.000000000000000000e+00
1.063840333476581727e+05 -1.000000000000000000e+00 -1.000000000000000000e+00
1.068898051849914918e+05 -1.000000000000000000e+00 -1.000000000000000000e+00
1.073979815669109521e+05 -1.000000000000000000e+00 -1.000000000000000000e+00
1.079085739251220366e+05 -1.000000000000000000e+00 -1.000000000000000000e+00
1.084215937456787506e+05 -1.000000000000000000e+00 -1.000000000000000000e+00
1.089370525692425726e+05 -1.000000000000000000e+00 -1.000000000000000000e+00
1.094549619913413335e+05 -1.000000000000000000e+00 -1.000000000000000000e+00
1.099753336626305536e+05 -1.000000000000000000e+00 -1.000000000000000000e+00
1.104981792891553487e+05 -1.000000000000000000e+00 -1.000000000000000000e+00
1.110235106326137757e+05 -1.000000000000000000e+00 -1.000000000000000000e+00
1.115513395106216922e+05 -1.000000000000000000e+00 -1.000000000000000000e+00
1.120816777969780960e+05 -1.000000000000000000e+00 -1.000000000000000000e+00
1.126145374219325895e+05 -1.000000000000000000e+00 -1.000000000000000000e+00
1.131499303724536439e+05 -1.000000000000000000e+00 -1.000000000000000000e+00
1.136878686924981594e+05 -1.000000000000000000e+00 -1.000000000000000000e+00
1.142283644832829013e+05 -1.000000000000000000e+00 -1.000000000000000000e+00
1.147714299035559816e+05 -1.000000000000000000e+00 -1.000000000000000000e+00
1.153170771698707831e+05 -1.000000000000000000e+00 -1.000000000000000000e+00
1.158653185568607878e+05 -1.000000000000000000e+00 -1.000000000000000000e+00
1.164161663975155534e+05 -1.000000000000000000e+00 -1.000000000000000000e+00
1.169696330834584951e+05 -1.000000000000000000e+00 -1.000000000000000000e+00
1.175257310652251181e+05 -1.000000000000000000e+00 -1.000000000000000000e+00
1.180844728525434039e+05 -1.000000000000000000e+00 -1.000000000000000000e+00
1.186458710146151570e+05 -1.000000000000000000e+00 -1.000000000000000000e+00
1.192099381803990400e+05 -1.000000000000000000e+00 -1.000000000000000000e+00
1.197766870388941607e+05 -1.000000000000000000e+00 -1.000000000000000000e+00
1.203461303394257993e+05 -1.000000000000000000e+00 -1.000000000000000000e+00
1.209182808919322415e+05 -1.000000000000000000e+00 -1.000000000000000000e+00
1.214931515672527312e+05 -1.000000000000000000e+00 -1.000000000000000000e+00
1.220707552974175196e+05 -1.000000000000000000e+00 -1.000000000000000000e+00
1.226511050759381033e+05 -1.000000000000000000e+00 -1.000000000000000000e+00
1.232342139580999356e+05 -1.000000000000000000e+00 -1.000000000000000000e+00
1.238200950612559827e+05 -1.000000000000000000e+00 -1.000000000000000000e+00
1.244087615651217347e+05 -1.000000000000000000e+00 -1.000000000000000000e+00
1.250002267120721808e+05 -1.000000000000000000e+00 -1.000000000000000000e+00
1.255945038074389158e+05 -1.000000000000000000e+00 -1.000000000000000000e+00
1.261916062198100262e+05 -1.000000000000000000e+00 -1.000000000000000000e+00
1.267915473813305725e+05 -1.000000000000000000e+00 -1.000000000000000000e+00
1.273943407880047744e+05 -1.000000000000000000e+00 -1.000000000000000000e+00
1.279999999999999854e+05 -1.000000000000000000e+00 -1.000000000000000000e+00
