1.000000000000000114e+03 -1.000000000000000000e+00 -1.000000000000000000e+00
1.004754208140241872e+03 -1.000000000000000000e+00 -1.000000000000000000e+00
1.009531018775526604e+03 -1.000000000000000000e+00 -1.000000000000000000e+00
1.014330539362816126e+03 -1.000000000000000000e+00 -1.000000000000000000e+00
1.019152877869952704e+03 -1.000000000000000000e+00 -1.000000000000000000e+00
1.023998142778073088e+03 -1.000000000000000000e+00 -1.000000000000000000e+00
1.028866443084061075e+03 -1.000000000000000000e+00 -1.000000000000000000e+00
1.033757888302995525e+03 -1.000000000000000000e+00 -1.000000000000000000e+00
1.038672588470604751e+03 -1.000000000000000000e+00 -1.000000000000000000e+00
1.043610654145760009e+03 -1.000000000000000000e+00 -1.000000000000000000e+00
1.048572196412942958e+03 -1.000000000000000000e+00 -1.000000000000000000e+00
1.053557326884760869e+03 -1.000000000000000000e+00 -1.000000000000000000e+00
1.058566157704450006e+03 -1.000000000000000000e+00 -1.000000000000000000e+00
1.063598801548392885e+03 -1.000000000000000000e+00 -1.000000000000000000e+00
1.068655371628668036e+03 -1.000000000000000000e+00 -1.000000000000000000e+00
1.073735981695578403e+03 -1.000000000000000000e+00 -1.000000000000000000e+00
1.078840746040226122e+03 -1.000000000000000000e+00 -1.000000000000000000e+00
1.083969779497077525e+03 -1.000000000000000000e+00 -1.000000000000000000e+00
1.089123197446538825e+03 -1.000000000000000000e+00 -1.000000000000000000e+00
1.094301115817567734e+03 -1.000000000000000000e+00 -1.000000000000000000e+00
1.099503651090263475e+03 -1.000000000000000000e+00 -1.000000000000000000e+00
1.104730920298502497e+03 -1.000000000000000000e+00 -1.000000000000000000e+00
1.109983041032564870e+03 -1.000000000000000000e+00 -1.000000000000000000e+00
1.115260131441772273e+03 -1.000000000000000000e+00 -1.000000000000000000e+00
1.120562310237162365e+03 -1.000000000000000000e+00 -1.000000000000000000e+00
1.125889696694140184e+03 -1.000000000000000000e+00 -1.000000000000000000e+00
1.131242410655177991e+03 -1.000000000000000000e+00 -1.000000000000000000e+00
1.136620572532504184e+03 -1.000000000000000000e+00 -1.000000000000000000e+00
1.142024303310804498e+03 -1.000000000000000000e+00 -1.000000000000000000e+00
1.147453724549961180e+03 -1.000000000000000000e+00 -1.000000000000000000e+00
1.152908958387767598e+03 -1.000000000000000000e+00 -1.000000000000000000e+00
1.158390127542692653e+03 -1.000000000000000000e+00 -1.000000000000000000e+00
1.163897355316634275e+03 -1.000000000000000000e+00 -1.000000000000000000e+00
1.169430765597686559e+03 -1.000000000000000000e+00 -1.000000000000000000e+00
1.174990482862943054e+03 -1.000000000000000000e+00 -1.000000000000000000e+00
1.180576632181276636e+03 -1.000000000000000000e+00 -1.000000000000000000e+00
1.186189339216172357e+03 -1.000000000000000000e+00 -1.000000000000000000e+00
1.191828730228544600e+03 -1.000000000000000000e+00 -1.000000000000000000e+00
1.197494932079571299e+03 -1.000000000000000000e+00 -1.000000000000000000e+00
1.203188072233562480e+03 -1.000000000000000000e+00 -1.000000000000000000e+00
1.208908278760819712e+03 -1.000000000000000000e+00 -1.000000000000000000e+00
1.214655680340510116e+03 -1.000000000000000000e+00 -1.000000000000000000e+00
1.220430406263578789e+03 -1.000000000000000000e+00 -1.000000000000000000e+00
1.226232586435635767e+03 -1.000000000000000000e+00 -1.000000000000000000e+00
1.232062351379898018e+03 -1.000000000000000000e+00 -1.000000000000000000e+00
1.237919832240116421e+03 -1.000000000000000000e+00 -1.000000000000000000e+00
1.243805160783519341e+03 -1.000000000000000000e+00 -1.000000000000000000e+00
1.249718469403793961e+03 -1.000000000000000000e+00 -1.000000000000000000e+00
1.255659891124043952e+03 -1.000000000000000000e+00 -1.000000000000000000e+00
1.261629559599801269e+03 -1.000000000000000000e+00 -1.000000000000000000e+00
1.267627609122023159e+03 -1.000000000000000000e+00 -1.000000000000000000e+00
1.273654174620106460e+03 -1.000000000000000000e+00 -1.000000000000000000e+00
1.279709391664940995e+03 -1.000000000000000000e+00 -1.000000000000000000e+00
1.285793396471938649e+03 -1.000000000000000000e+00 -1.000000000000000000e+00
1.291906325904114738e+03 -1.000000000000000000e+00 -1.000000000000000000e+00
1.298048317475160957e+03 -1.000000000000000000e+00 -1.000000000000000000e+00
1.304219509352528576e+03 -1.000000000000000000e+00 -1.000000000000000000e+00
1.310420040360557323e+03 -1.000000000000000000e+00 -1.000000000000000000e+00
1.316650049983575627e+03 -1.000000000000000000e+00 -1.000000000000000000e+00
1.322909678369057474e+03 -1.000000000000000000e+00 -1.000000000000000000e+00
1.329199066330767209e+03 -1.000000000000000000e+00 -1.000000000000000000e+00
1.335518355351918899e+03 -1.000000000000000000e+00 -1.000000000000000000e+00
1.341867687588378203e+03 -1.000000000000000000e+00 -1.000000000000000000e+00
1.348247205871838560e+03 -1.000000000000000000e+00 -1.000000000000000000e+00
1.354657053713052846e+03 -1.000000000000000000e+00 -1.000000000000000000e+00
1.361097375305054356e+03 -1.000000000000000000e+00 -1.000000000000000000e+00
1.367568315526391643e+03 -1.000000000000000000e+00 -1.000000000000000000e+00
1.374070019944406795e+03 -1.000000000000000000e+00 -1.000000000000000000e+00
1.380602634818489150e+03 -1.000000000000000000e+00 -1.000000000000000000e+00
1.387166307103382678e+03 -1.000000000000000000e+00 -1.000000000000000000e+00
1.393761184452485622e+03 -1.000000000000000000e+00 -1.000000000000000000e+00
1.400387415221162883e+03 -1.000000000000000000e+00 -1.000000000000000000e+00
1.407045148470102504e+03 -1.000000000000000000e+00 -1.000000000000000000e+00
1.413734533968647156e+03 -1.000000000000000000e+00 -1.000000000000000000e+00
1.420455722198182002e+03 -1.000000000000000000e+00 -1.000000000000000000e+00
1.427208864355512787e+03 -1.000000000000000000e+00 -1.000000000000000000e+00
1.433994112356257119e+03 -1.000000000000000000e+00 -1.000000000000000000e+00
1.440811618838283266e+03 -1.000000000000000000e+00 -1.000000000000000000e+00
1.447661537165119171e+03 -1.000000000000000000e+00 -1.000000000000000000e+00
1.454544021429424674e+03 -1.000000000000000000e+00 -1.000000000000000000e+00
1.461459226456447823e+03 -1.000000000000000000e+00 -1.000000000000000000e+00
1.468407307807498682e+03 -1.000000000000000000e+00 -1.000000000000000000e+00
1.475388421783470903e+03 -1.000000000000000000e+00 -1.000000000000000000e+00
1.482402725428332587e+03 -1.000000000000000000e+00 -1.000000000000000000e+00
1.489450376532680593e+03 -1.000000000000000000e+00 -1.000000000000000000e+00
1.496531533637281882e+03 -1.000000000000000000e+00 -1.000000000000000000e+00
1.503646356036628958e+03 -1.000000000000000000e+00 -1.000000000000000000e+00
1.510795003782546473e+03 -1.000000000000000000e+00 -1.000000000000000000e+00
1.517977637687766219e+03 -1.000000000000000000e+00 -1.000000000000000000e+00
1.525194419329566699e+03 -1.000000000000000000e+00 -1.000000000000000000e+00
1.532445511053397922e+03 -1.000000000000000000e+00 -1.000000000000000000e+00
1.539731075976525290e+03 -1.000000000000000000e+00 -1.000000000000000000e+00
1.547051277991719417e+03 -1.000000000000000000e+00 -1.000000000000000000e+00
1.554406281770919350e+03 -1.000000000000000000e+00 -1.000000000000000000e+00
1.561796252768958084e+03 -1.000000000000000000e+00 -1.000000000000000000e+00
1.569221357227274666e+03 -1.000000000000000000e+00 -1.000000000000000000e+00
1.576681762177646078e+03 -1.000000000000000000e+00 -1.000000000000000000e+00
1.584177635445965279e+03 -1.000000000000000000e+00 -1.000000000000000000e+00
1.591709145655991506e+03 -1.000000000000000000e+00 -1.000000000000000000e+00
1.599276462233166967e+03 -1.000000000000000000e+00 -1.000000000000000000e+00
1.606879755408416486e+03 -1.000000000000000000e+00 -1.000000000000000000e+00
1.614519196221969196e+03 -1.000000000000000000e+00 -1.000000000000000000e+00
1.622194956527227760e+03 -1.000000000000000000e+00 -1.000000000000000000e+00
1.629907208994608709e+03 -1.000000000000000000e+00 -1.000000000000000000e+00
1.637656127115449863e+03 -1.000000000000000000e+00 -1.000000000000000000e+00
1.645441885205902963e+03 -1.000000000000000000e+00 -1.000000000000000000e+00
1.653264658410843595e+03 -1.000000000000000000e+00 -1.000000000000000000e+00
1.661124622707838398e+03 -1.000000000000000000e+00 -1.000000000000000000e+00
1.669021954911072044e+03 -1.000000000000000000e+00 -1.000000000000000000e+00
1.676956832675352871e+03 -1.000000000000000000e+00 -1.000000000000000000e+00
1.684929434500095567e+03 -1.000000000000000000e+00 -1.000000000000000000e+00
1.692939939733329311e+03 -1.000000000000000000e+00 -1.000000000000000000e+00
1.700988528575750252e+03 -1.000000000000000000e+00 -1.000000000000000000e+00
1.709075382084766716e+03 -1.000000000000000000e+00 -1.000000000000000000e+00
1.717200682178561237e+03 -1.000000000000000000e+00 -1.000000000000000000e+00
1.725364611640206931e+03 -1.000000000000000000e+00 -1.000000000000000000e+00
1.733567354121752260e+03 -1.000000000000000000e+00 -1.000000000000000000e+00
1.741809094148379017e+03 -1.000000000000000000e+00 -1.000000000000000000e+00
1.750090017122526888e+03 -1.000000000000000000e+00 -1.000000000000000000e+00
1.758410309328086669e+03 -1.000000000000000000e+00 -1.000000000000000000e+00
1.766770157934583267e+03 -1.000000000000000000e+00 -1.000000000000000000e+00
1.775169751001372333e+03 -1.000000000000000000e+00 -1.000000000000000000e+00
1.783609277481894424e+03 -1.000000000000000000e+00 -1.000000000000000000e+00
1.792088927227913473e+03 -1.000000000000000000e+00 -1.000000000000000000e+00
1.800608890993777777e+03 -1.000000000000000000e+00 -1.000000000000000000e+00
1.809169360440736227e+03 -1.000000000000000000e+00 -1.000000000000000000e+00
1.817770528141219984e+03 -1.000000000000000000e+00 -1.000000000000000000e+00
1.826412587583204640e+03 -1.000000000000000000e+00 -1.000000000000000000e+00
1.835095733174532825e+03 -1.000000000000000000e+00 -1.000000000000000000e+00
1.843820160247314561e+03 -1.000000000000000000e+00 -1.000000000000000000e+00
1.852586065062308080e+03 -1.000000000000000000e+00 -1.000000000000000000e+00
1.861393644813326091e+03 -1.000000000000000000e+00 -1.000000000000000000e+00
1.870243097631692308e+03 -1.000000000000000000e+00 -1.000000000000000000e+00
1.879134622590687968e+03 -1.000000000000000000e+00 -1.000000000000000000e+00
1.888068419710018816e+03 -1.000000000000000000e+00 -1.000000000000000000e+00
1.897044689960342112e+03 -1.000000000000000000e+00 -1.000000000000000000e+00
1.906063635267754307e+03 -1.000000000000000000e+00 -1.000000000000000000e+00
1.915125458518363303e+03 -1.000000000000000000e+00 -1.000000000000000000e+00
1.924230363562840012e+03 -1.000000000000000000e+00 -1.000000000000000000e+00
1.933378555220990847e+03 -1.000000000000000000e+00 -1.000000000000000000e+00
1.942570239286395918e+03 -1.000000000000000000e+00 -1.000000000000000000e+00
1.951805622531002655e+03 -1.000000000000000000e+00 -1.000000000000000000e+00
1.961084912709809714e+03 -1.000000000000000000e+00 -1.000000000000000000e+00
1.970408318565524269e+03 -1.000000000000000000e+00 -1.000000000000000000e+00
1.979776049833248862e+03 -1.000000000000000000e+00 -1.000000000000000000e+00
1.989188317245226017e+03 -1.000000000000000000e+00 -1.000000000000000000e+00
1.998645332535547595e+03 -1.000000000000000000e+00 -1.000000000000000000e+00
2.008147308444944656e+03 -1.000000000000000000e+00 -1.000000000000000000e+00
2.017694458725562754e+03 -1.000000000000000000e+00 -1.000000000000000000e+00
2.027286998145756570e+03 -1.000000000000000000e+00 -1.000000000000000000e+00
2.036925142494952297e+03 -1.000000000000000000e+00 -1.000000000000000000e+00
2.046609108588465006e+03 -1.000000000000000000e+00 -1.000000000000000000e+00
2.056339114272409461e+03 -1.000000000000000000e+00 -1.000000000000000000e+00
2.066115378428585700e+03 -1.000000000000000000e+00 -1.000000000000000000e+00
2.075938120979389623e+03 -1.000000000000000000e+00 -1.000000000000000000e+00
2.085807562892792703e+03 -1.000000000000000000e+00 -1.000000000000000000e+00
2.095723926187275993e+03 -1.000000000000000000e+00 -1.000000000000000000e+00
2.105687433936855086e+03 -1.000000000000000000e+00 -1.000000000000000000e+00
2.115698310276087341e+03 -1.000000000000000000e+00 -1.000000000000000000e+00
2.125756780405097743e+03 -1.000000000000000000e+00 -1.000000000000000000e+00
2.135863070594678902e+03 -1.000000000000000000e+00 -1.000000000000000000e+00
2.146017408191341929e+03 -1.000000000000000000e+00 -1.000000000000000000e+00
2.156220021622466447e+03 -1.000000000000000000e+00 -1.000000000000000000e+00
2.166471140401420598e+03 -1.000000000000000000e+00 -1.000000000000000000e+00
2.176770995132716507e+03 -1.000000000000000000e+00 -1.000000000000000000e+00
2.187119817517223510e+03 -1.000000000000000000e+00 -1.000000000000000000e+00
2.197517840357348177e+03 -1.000000000000000000e+00 -1.000000000000000000e+00
2.207965297562302112e+03 -1.000000000000000000e+00 -1.000000000000000000e+00
2.218462424153348820e+03 -1.000000000000000000e+00 -1.000000000000000000e+00
2.229009456269079692e+03 -1.000000000000000000e+00 -1.000000000000000000e+00
2.239606631170755008e+03 -1.000000000000000000e+00 -1.000000000000000000e+00
2.250254187247606751e+03 -1.000000000000000000e+00 -1.000000000000000000e+00
2.260952364022232814e+03 -1.000000000000000000e+00 -1.000000000000000000e+00
2.271701402155971209e+03 -1.000000000000000000e+00 -1.000000000000000000e+00
2.282501543454300190e+03 -1.000000000000000000e+00 -1.000000000000000000e+00
2.293353030872310228e+03 -1.000000000000000000e+00 -1.000000000000000000e+00
2.304256108520131420e+03 -1.000000000000000000e+00 -1.000000000000000000e+00
2.315211021668460489e+03 -1.000000000000000000e+00 -1.000000000000000000e+00
2.326218016754059136e+03 -1.000000000000000000e+00 -1.000000000000000000e+00
2.337277341385288310e+03 -1.000000000000000000e+00 -1.000000000000000000e+00
2.348389244347710246e+03 -1.000000000000000000e+00 -1.000000000000000000e+00
2.359553975609644567e+03 -1.000000000000000000e+00 -1.000000000000000000e+00
2.370771786327828522e+03 -1.000000000000000000e+00 -1.000000000000000000e+00
2.382042928853049034e+03 -1.000000000000000000e+00 -1.000000000000000000e+00
2.393367656735807941e+03 -1.000000000000000000e+00 -1.000000000000000000e+00
2.404746224732052724e+03 -1.000000000000000000e+00 -1.000000000000000000e+00
2.416178888808894953e+03 -1.000000000000000000e+00 -1.000000000000000000e+00
2.427665906150351020e+03 -1.000000000000000000e+00 -1.000000000000000000e+00
2.439207535163163811e+03 -1.000000000000000000e+00 -1.000000000000000000e+00
2.450804035482576182e+03 -1.000000000000000000e+00 -1.000000000000000000e+00
2.462455667978209931e+03 -1.000000000000000000e+00 -1.000000000000000000e+00
2.474162694759897022e+03 -1.000000000000000000e+00 -1.000000000000000000e+00
2.485925379183607220e+03 -1.000000000000000000e+00 -1.000000000000000000e+00
2.497743985857361167e+03 -1.000000000000000000e+00 -1.000000000000000000e+00
2.509618780647164840e+03 -1.000000000000000000e+00 -1.000000000000000000e+00
2.521550030683021305e+03 -1.000000000000000000e+00 -1.000000000000000000e+00
2.533538004364927019e+03 -1.000000000000000000e+00 -1.000000000000000000e+00
2.545582971368891322e+03 -1.000000000000000000e+00 -1.000000000000000000e+00
2.557685202653039596e+03 -1.000000000000000000e+00 -1.000000000000000000e+00
2.569844970463668687e+03 -1.000000000000000000e+00 -1.000000000000000000e+00
2.582062548341412366e+03 -1.000000000000000000e+00 -1.000000000000000000e+00
2.594338211127350860e+03 -1.000000000000000000e+00 -1.000000000000000000e+00
2.606672234969233159e+03 -1.000000000000000000e+00 -1.000000000000000000e+00
2.619064897327671588e+03 -1.000000000000000000e+00 -1.000000000000000000e+00
2.631516476982368658e+03 -1.000000000000000000e+00 -1.000000000000000000e+00
2.644027254038419414e+03 -1.000000000000000000e+00 -1.000000000000000000e+00
2.656597509932595585e+03 -1.000000000000000000e+00 -1.000000000000000000e+00
2.669227527439663845e+03 -1.000000000000000000e+00 -1.000000000000000000e+00
2.681917590678780471e+03 -1.000000000000000000e+00 -1.000000000000000000e+00
2.694667985119843706e+03 -1.000000000000000000e+00 -1.000000000000000000e+00
2.707478997589949813e+03 -1.000000000000000000e+00 -1.000000000000000000e+00
2.720350916279831381e+03 -1.000000000000000000e+00 -1.000000000000000000e+00
2.733284030750323382e+03 -1.000000000000000000e+00 -1.000000000000000000e+00
2.746278631938915623e+03 -1.000000000000000000e+00 -1.000000000000000000e+00
2.759335012166252454e+03 -1.000000000000000000e+00 -1.000000000000000000e+00
2.772453465142747973e+03 -1.000000000000000000e+00 -1.000000000000000000e+00
2.785634285975176681e+03 -1.000000000000000000e+00 -1.000000000000000000e+00
2.798877771173297333e+03 -1.000000000000000000e+00 -1.000000000000000000e+00
2.812184218656556823e+03 -1.000000000000000000e+00 -1.000000000000000000e+00
2.825553927760754050e+03 -1.000000000000000000e+00 -1.000000000000000000e+00
2.838987199244807016e+03 -1.000000000000000000e+00 -1.000000000000000000e+00
2.852484335297504913e+03 -1.000000000000000000e+00 -1.000000000000000000e+00
2.866045639544288861e+03 -1.000000000000000000e+00 -1.000000000000000000e+00
2.879671417054120866e+03 -1.000000000000000000e+00 -1.000000000000000000e+00
2.893361974346301849e+03 -1.000000000000000000e+00 -1.000000000000000000e+00
2.907117619397405178e+03 -1.000000000000000000e+00 -1.000000000000000000e+00
2.920938661648191101e+03 -1.000000000000000000e+00 -1.000000000000000000e+00
2.934825412010546643e+03 -1.000000000000000000e+00 -1.000000000000000000e+00
2.948778182874521917e+03 -1.000000000000000000e+00 -1.000000000000000000e+00
2.962797288115311858e+03 -1.000000000000000000e+00 -1.000000000000000000e+00
2.976883043100356645e+03 -1.000000000000000000e+00 -1.000000000000000000e+00
2.991035764696418028e+03 -1.000000000000000000e+00 -1.000000000000000000e+00
3.005255771276692940e+03 -1.000000000000000000e+00 -1.000000000000000000e+00
3.019543382728011693e+03 -1.000000000000000000e+00 -1.000000000000000000e+00
3.033898920457990698e+03 -1.000000000000000000e+00 -1.000000000000000000e+00
3.048322707402303422e+03 -1.000000000000000000e+00 -1.000000000000000000e+00
3.062815068031926330e+03 -1.000000000000000000e+00 -1.000000000000000000e+00
3.077376328360418483e+03 -1.000000000000000000e+00 -1.000000000000000000e+00
3.092006815951304361e+03 -1.000000000000000000e+00 -1.000000000000000000e+00
3.106706859925383469e+03 -1.000000000000000000e+00 -1.000000000000000000e+00
3.121476790968186378e+03 -1.000000000000000000e+00 -1.000000000000000000e+00
3.136316941337389835e+03 -1.000000000000000000e+00 -1.000000000000000000e+00
3.151227644870275071e+03 -1.000000000000000000e+00 -1.000000000000000000e+00
3.166209236991278885e+03 -1.000000000000000000e+00 -1.000000000000000000e+00
3.181262054719491971e+03 -1.000000000000000000e+00 -1.000000000000000000e+00
3.196386436676282301e+03 -1.000000000000000000e+00 -1.000000000000000000e+00
3.211582723092893957e+03 -1.000000000000000000e+00 -1.000000000000000000e+00
3.226851255818082336e+03 -1.000000000000000000e+00 -1.000000000000000000e+00
3.242192378325849404e+03 -1.000000000000000000e+00 -1.000000000000000000e+00
3.257606435723116192e+03 -1.000000000000000000e+00 -1.000000000000000000e+00
3.273093774757535812e+03 -1.000000000000000000e+00 -1.000000000000000000e+00
3.288654743825269634e+03 0.000000000000000000e+00 3.611706232813543751e-18
3.304289692978808944e+03 1.363790059259591046e-18 2.516083547140546987e-18
3.319998973934893456e+03 1.829017741184947245e-18 2.089305452651853697e-18
3.335782940082369350e+03 2.159172441641777740e-18 1.908221498405731258e-18
3.351641946490189639e+03 1.307227214267968723e-18 1.449200258676270906e-18
3.367576349915376341e+03 1.317914947901025553e-18 1.735956076074757190e-18
3.383586508811030399e+03 1.942254648911107107e-18 1.149122676723638024e-18
3.399672783334432552e+03 1.810893536420950550e-18 1.033505140175925954e-18
3.415835535355126467e+03 2.148345359737160380e-18 1.135648465594526072e-18
3.432075128463039619e+03 1.349882411262274286e-18 1.260118903043337819e-18
3.448391927976707848e+03 1.909648564385853762e-18 1.282277423019628052e-18
3.464786300951438989e+03 1.252535244289491575e-18 1.667944500755228044e-18
3.481258616187628377e+03 9.220979789087194992e-19 1.195819782082944908e-18
3.497809244238994779e+03 1.123983212120607285e-18 1.019020032445534710e-18
3.514438557420969573e+03 1.469816941664495118e-18 9.373625664240664649e-19
3.531146929819047273e+03 1.200755871650634076e-18 9.098113516031846175e-19
3.547934737297183347e+03 2.512392398784643436e-18 8.926425590618393909e-19
3.564802357506288899e+03 1.833565625618294039e-18 7.908332839036805530e-19
3.581750169892705799e+03 2.987913175334469962e-18 7.964024700465821201e-19
3.598778555706723182e+03 2.347724556319999615e-18 8.228990269446049968e-19
3.615887898011199013e+03 2.630895818902209275e-18 9.043952154858123583e-19
3.633078581690126157e+03 2.182945425925698579e-18 8.925989610708345240e-19
3.650350993457343520e+03 2.528189721458390908e-18 8.323442298988770201e-19
3.667705521865178980e+03 2.377130516888069061e-18 7.423435029285645834e-19
3.685142557313240104e+03 2.890958430632386535e-18 6.900605057421888408e-19
3.702662492057178497e+03 1.658644036373897623e-18 6.377897049083036933e-19
3.720265720217485068e+03 3.063997610352387025e-18 6.142921090985487926e-19
3.737952637788406719e+03 3.587536269779550899e-18 6.217028039842096532e-19
3.755723642646826647e+03 1.966310553919269534e-18 6.002943644411925472e-19
3.773579134561196952e+03 2.904204436530222600e-18 6.419125035017807062e-19
3.791519515200582646e+03 3.948730738419666394e-18 6.647886993505459037e-19
3.809545188143635642e+03 4.161234567067142983e-18 6.755533411048003120e-19
3.827656558887735173e+03 2.032376809211164854e-18 6.399823185642509491e-19
3.845854034858049999e+03 2.741959800050988175e-18 6.112155967367953429e-19
3.864138025416754317e+03 2.439202539992543525e-18 5.532335364958156481e-19
3.882508941872216383e+03 3.464368788611630236e-18 5.378046414224433427e-19
3.900967197488228067e+03 2.979404332201613548e-18 5.558872290704438093e-19
3.919513207493342634e+03 3.256540831114408904e-18 4.447532780249618114e-19
3.938147389090202068e+03 3.672419887339574832e-18 4.866152900622252323e-19
3.956870161464886223e+03 3.639220402674895054e-18 4.397159441284138466e-19
3.975681945796411583e+03 3.935017061212659224e-18 5.164744245360702580e-19
3.994583165266129981e+03 3.698287301977052286e-18 5.265343092634515744e-19
4.013574245067319225e+03 4.516457480687473774e-18 5.596893775274238485e-19
4.032655612414684128e+03 4.862015252466770249e-18 5.581280072021356337e-19
4.051827696554018530e+03 4.575958770134536638e-18 5.608492847079295032e-19
4.071090928771840936e+03 4.572426003101041540e-18 5.410363056533259246e-19
4.090445742405073815e+03 5.148771021230510508e-18 4.888886531006456451e-19
4.109892572850832948e+03 4.573474862595463583e-18 4.790017870673475292e-19
4.129431857576209040e+03 4.945111891292653347e-18 4.617025950813372574e-19
4.149064036128072075e+03 5.422934487790000086e-18 4.711487036941371190e-19
4.168789550143025735e+03 4.740049837911919786e-18 4.713116978829577895e-19
4.188608843357272235e+03 5.383745933735699349e-18 4.786701540446963745e-19
4.208522361616649505e+03 5.355201812561198926e-18 4.815949461441524954e-19
4.228530552886646547e+03 5.607152456554600166e-18 4.888271583033676058e-19
4.248633867262442436e+03 6.042407112445445186e-18 4.876434827389114763e-19
4.268832756979097212e+03 5.506112093547648836e-18 4.726121725444016307e-19
4.289127676421659089e+03 5.647638802768039025e-18 4.735342023217653103e-19
4.309519082135439930e+03 5.795489394530096829e-18 4.429397173428692473e-19
4.330007432836264343e+03 5.406986511306600303e-18 3.995546569600017909e-19
4.350593189420763338e+03 6.408110005509901784e-18 3.936005463762557089e-19
4.371276814976797141e+03 6.731058175419230646e-18 3.869748865924286082e-19
4.392058774793810699e+03 7.135923674098382390e-18 4.018211591438612893e-19
4.412939536373356532e+03 7.091321280514190018e-18 4.119807993640099547e-19
4.433919569439587576e+03 6.267806196579429102e-18 4.169771938442264767e-19
4.454999345949795497e+03 7.403766552963018797e-18 4.289680331485661358e-19
4.476179340105090887e+03 7.050635695331320602e-18 4.383447264467930638e-19
4.497460028361001605e+03 6.677630915929252998e-18 4.377320820651555452e-19
4.518841889438248472e+03 7.718786710215277065e-18 4.566832101493396936e-19
4.540325404333490951e+03 8.383935544388506077e-18 4.977441659332932478e-19
4.561911056330120118e+03 7.717201785470825110e-18 4.320867397027020241e-19
4.583599331009193520e+03 8.466942378032111601e-18 3.996047311679483425e-19
4.605390716260285444e+03 8.293500308081559018e-18 3.832409261637840015e-19
4.627285702292524547e+03 8.433356403386273411e-18 3.646281034335144453e-19
4.649284781645598741e+03 8.671303355510090404e-18 3.655774053132413088e-19
4.671388449200801006e+03 8.423156975122159884e-18 3.647817253206042336e-19
4.693597202192232544e+03 8.291856692416215843e-18 3.683993347751134797e-19
4.715911540217912261e+03 8.912197140697967146e-18 3.672370710909123771e-19
4.738331965251077236e+03 8.728210751764375284e-18 3.696471855690112821e-19
4.760858981651452268e+03 8.798735482242743750e-18 3.724361708050531586e-19
4.783493096176563085e+03 8.952552666467895447e-18 3.743270029850062026e-19
4.806234817993196884e+03 9.646557596415173702e-18 4.281180801922927386e-19
4.829084658688823765e+03 9.154280614722084869e-18 4.296029428674131341e-19
4.852043132283080013e+03 1.001471757845956125e-17 3.822549088458572034e-19
4.875110755239395075e+03 9.970822715781811821e-18 3.506816581474717196e-19
4.898288046476534873e+03 9.512908931936839093e-18 3.192248126415125417e-19
4.921575527380353378e+03 1.017238037716521060e-17 3.123630303002043072e-19
4.944973721815440513e+03 1.028442329193222224e-17 3.101565505336723580e-19
4.968483156136977414e+03 1.053388508917355958e-17 3.046879365295831904e-19
4.992104359202549858e+03 1.010057375454319182e-17 3.101681592622925584e-19
5.015837862384007167e+03 1.090816602809159557e-17 3.219935794121264566e-19
5.039684199579487540e+03 1.046614531507733457e-17 3.262070153729366133e-19
5.063643907225387011e+03 1.116698038873075049e-17 3.110740645687944882e-19
5.087717524308403881e+03 1.146076938289421816e-17 3.124206443856166279e-19
5.111905592377734138e+03 1.170260794613934186e-17 3.118472225459319529e-19
5.136208655557164093e+03 1.128426587376803463e-17 3.931070775799983110e-19
5.160627260557404952e+03 1.191283815176967392e-17 3.496849207680860883e-19
5.185161956688301871e+03 1.189097073099193519e-17 3.394161159711182934e-19
5.209813295871262198e+03 1.191348228568064290e-17 2.901201819875110771e-19
5.234581832651644618e+03 1.180365877852096822e-17 2.787963955374103025e-19
5.259468124211199211e+03 1.226963618271280043e-17 2.664809636153662245e-19
5.284472730380667599e+03 1.245272872553589898e-17 3.432105999983287143e-19
5.309596213652340339e+03 -1.000000000000000000e+00 -1.000000000000000000e+00
5.334839139192684343e+03 -1.000000000000000000e+00 -1.000000000000000000e+00
5.360202074855125829e+03 -1.000000000000000000e+00 -1.000000000000000000e+00
5.385685591192744141e+03 -1.000000000000000000e+00 -1.000000000000000000e+00
5.411290261471187478e+03 -1.000000000000000000e+00 -1.000000000000000000e+00
5.437016661681485857e+03 -1.000000000000000000e+00 -1.000000000000000000e+00
5.462865370553082357e+03 -1.000000000000000000e+00 -1.000000000000000000e+00
5.488836969566823427e+03 -1.000000000000000000e+00 -1.000000000000000000e+00
5.514932042967998314e+03 -1.000000000000000000e+00 -1.000000000000000000e+00
5.541151177779557656e+03 -1.000000000000000000e+00 -1.000000000000000000e+00
5.567494963815280244e+03 -1.000000000000000000e+00 -1.000000000000000000e+00
5.593963993693007069e+03 -1.000000000000000000e+00 -1.000000000000000000e+00
5.620558862848053650e+03 -1.000000000000000000e+00 -1.000000000000000000e+00
5.647280169546515026e+03 -1.000000000000000000e+00 -1.000000000000000000e+00
5.674128514898810863e+03 1.209211827156666647e-17 2.153861640019252783e-18
5.701104502873122328e+03 1.252628286946740629e-17 4.585827699579911547e-19
5.728208740309051791e+03 1.350644957196691345e-17 6.224853216879131397e-19
5.755441836931246144e+03 1.250334822472189858e-17 5.731549675517882125e-19
5.782804405363072874e+03 1.311883041351883950e-17 4.751351710849438846e-19
5.810297061140477126e+03 1.380540030421811651e-17 4.156262491473350287e-19
5.837920422725786921e+03 1.397761520223406017e-17 3.962375132106535135e-19
5.865675111521594772e+03 1.409950553035143024e-17 4.661065279787158408e-19
5.893561751884816658e+03 1.373197159000143019e-17 4.543975809444972261e-19
5.921580971140646398e+03 1.403258976197163019e-17 4.232374333427630800e-19
5.949733399596757408e+03 1.445601456661205637e-17 4.998670502210533069e-19
5.978019670557388963e+03 1.537614671945774714e-17 4.115163859959765839e-19
6.006440420337679825e+03 1.551103601275804200e-17 3.681545781928286967e-19
6.034996288277939129e+03 1.580054032721398197e-17 3.422274865669309513e-19
6.063687916758000028e+03 1.590907297015379629e-17 3.282587344980484472e-19
6.092515951211737047e+03 1.696718315079166871e-17 3.421832718029477663e-19
6.121481040141554331e+03 1.695433216800684911e-17 3.404428011051065725e-19
6.150583835132932109e+03 1.747547326079657560e-17 3.713155090810351847e-19
6.179824990869174144e+03 1.716089265656326780e-17 3.880938603755184082e-19
6.209205165146034233e+03 1.791962035438445957e-17 3.420347338766777661e-19
6.238725018886603721e+03 1.784801295571959256e-17 3.129405718599609075e-19
6.268385216156138995e+03 1.753966469467248914e-17 2.867312158537847748e-19
6.298186424176960827e+03 1.773228850496344756e-17 3.672042335871570809e-19
6.328129313343556532e+03 1.850865474741655537e-17 3.159779155319476209e-19
6.358214557237558438e+03 1.814131232886953648e-17 3.841275976659286952e-19
6.388442832642982466e+03 1.846803080659868444e-17 3.152737031874068482e-19
6.418814819561416698e+03 1.823633532591052636e-17 3.351191695392283192e-19
6.449331201227280872e+03 1.863500151471883319e-17 2.978075015684812122e-19
6.479992664123285067e+03 1.848096218384805124e-17 2.695941977960480519e-19
6.510799897995768333e+03 1.899740676494155835e-17 2.582189276424294698e-19
6.541753595870306526e+03 1.891025478989358995e-17 2.649632323067240915e-19
6.572854454067261941e+03 1.972871575552627730e-17 2.649336016410779031e-19
6.604103172217414794e+03 1.909282317425350696e-17 2.740420208027844343e-19
6.635500453277782071e+03 1.949340695662531770e-17 2.405356021229385406e-19
6.667047003547335407e+03 2.016858243846582257e-17 2.981371505477227405e-19
6.698743532682974546e+03 2.056740610297749948e-17 2.687653647916975199e-19
6.730590753715463507e+03 2.088314679330937671e-17 2.415753619978409798e-19
6.762589383065413131e+03 2.129352397836124859e-17 2.273349700925627868e-19
6.794740140559511929e+03 2.140715128707407508e-17 2.192832327967088700e-19
6.827043749446587753e+03 2.134856246767345808e-17 2.434677080548726386e-19
6.859500936413994168e+03 2.195399664223251621e-17 2.380351223014661154e-19
6.892112431603904042e+03 2.195806153487682850e-17 2.427648838611919043e-19
6.924878968629698647e+03 2.308065079458413783e-17 2.291809157674367921e-19
6.957801284592562297e+03 2.409570153263133190e-17 2.723389299269248592e-19
6.990880120097957843e+03 2.428846540421385469e-17 2.323178519094946255e-19
7.024116219272383205e+03 2.492864452903053953e-17 2.115984751312335866e-19
7.057510329780066968e+03 2.555688518083333665e-17 1.998968579778863710e-19
7.091063202839749465e+03 2.599346459167202435e-17 1.936130354680638330e-19
7.124775593241660317e+03 2.639126727218058708e-17 1.962060803944653221e-19
7.158648259364461410e+03 2.682763295324647416e-17 2.016456085901287093e-19
7.192681963192260810e+03 2.737865570519297965e-17 2.084608990220789831e-19
7.226877470331854965e+03 2.694274390760994278e-17 2.238617402341929631e-19
7.261235550029838123e+03 2.782463694993006261e-17 2.678806468917670036e-19
7.295756975190018238e+03 2.840168796933468255e-17 2.399944796994320026e-19
7.330442522390694648e+03 2.930209024531771110e-17 2.175992539247735086e-19
7.365292971902219506e+03 2.958433813130000330e-17 2.009611705919875900e-19
7.400309107704518283e+03 3.026744817881193119e-17 1.920860678973104929e-19
7.435491717504673943e+03 3.035843775242045160e-17 1.907055726043697184e-19
7.470841592754737576e+03 3.066171184157584801e-17 2.051856601930788604e-19
7.506359528669483552e+03 3.129070894121517586e-17 2.230943095702430848e-19
7.542046324244267453e+03 3.126183108714500180e-17 1.980399768546144100e-19
7.577902782273087723e+03 2.997926178463388746e-17 1.636318907997229863e-19
7.613929709366530915e+03 3.056870728115082568e-17 1.630671267959455758e-19
7.650127915970047070e+03 3.195612320424724807e-17 1.725779504360950473e-19
7.686498216382045030e+03 3.186585112792912011e-17 2.102990136009938778e-19
7.723041428772323343e+03 3.183764015748858218e-17 1.962225245255547314e-19
7.759758375200432965e+03 3.260453662927065273e-17 1.976262044885721980e-19
7.796649881634122721e+03 3.261453793164569714e-17 1.918193356378674997e-19
7.833716777968003043e+03 3.407230123739462200e-17 2.180029484482872281e-19
7.870959898042184250e+03 3.382866085213529706e-17 2.199428162231852124e-19
7.908380079660973934e+03 3.455695721964041843e-17 2.168599381458933840e-19
7.945978164611841748e+03 3.441193048033703408e-17 2.083592971413177800e-19
7.983754998684224120e+03 3.398931452242328004e-17 2.204734616973432014e-19
8.021711431688682751e+03 3.440021667674869095e-17 1.918852840987777260e-19
8.059848317475888507e+03 3.394217079671666594e-17 1.704581116473287056e-19
8.098166513955948176e+03 3.335720345565000012e-17 1.548699495931656287e-19
8.136666883117648467e+03 3.252969235706133923e-17 1.460325188863510853e-19
8.175350291047803694e+03 3.275498860065360907e-17 1.455486322951514245e-19
8.214217607950831734e+03 3.284111448556256346e-17 1.508300832583108886e-19
8.253269708168287252e+03 3.300742931815459671e-17 1.954804689165173392e-19
8.292507470198474039e+03 3.186302211027918224e-17 1.890024341585416920e-19
8.331931776716324748e+03 3.119648709568130952e-17 1.781847457401341632e-19
8.371543514593129657e+03 3.189488843534723578e-17 2.047471220377018180e-19
8.411343574916614671e+03 3.173932501701750198e-17 2.128731866023445955e-19
8.451332853010855615e+03 3.236205211661243280e-17 1.907650244914799167e-19
8.491512248456532689e+03 3.253785061936633102e-17 1.630858352532694673e-19
8.531882665111128517e+03 3.262703034693250713e-17 1.457670728166747698e-19
8.572445011129188060e+03 3.252618316130490600e-17 1.389978787953402431e-19
8.613200198982875008e+03 3.287228479325392259e-17 1.699348167541113584e-19
8.654149145482428139e+03 3.331841609314077753e-17 1.714768880612776777e-19
8.695292771796750458e+03 3.346876368440821773e-17 1.530066300383715131e-19
8.736632003474231169e+03 3.282212304598349099e-17 2.037283966090477140e-19
8.778167770463445777e+03 3.313867118266603143e-17 1.528767110472016585e-19
8.819901007134192696e+03 3.257109316073047985e-17 2.012564614613162077e-19
8.861832652298457106e+03 3.316895422300476620e-17 1.997593559039209122e-19
8.903963649231474847e+03 3.303586232440377393e-17 1.770897795419150355e-19
8.946294945693087357e+03 3.310355883103678856e-17 1.447525875784961604e-19
8.988827493948907431e+03 3.298281206308925892e-17 1.502648373061066443e-19
9.031562250791870611e+03 3.283618800969488548e-17 1.400256640378709942e-19
9.074500177563704710e+03 3.273451186775163051e-17 1.322549502061327969e-19
9.117642240176504856e+03 3.339710824691704863e-17 1.324725568097071409e-19
9.160989409134583184e+03 3.416826316226100739e-17 1.430406199109752055e-19
9.204542659556162107e+03 3.529031448795937330e-17 1.597146901419018011e-19
9.248302971195427745e+03 3.525674203118499899e-17 1.419878889044600691e-19
9.292271328464526960e+03 3.543584618731690753e-17 2.223796130283703993e-19
9.336448720455649891e+03 3.553653401026126303e-17 2.151732520313848213e-19
9.380836140963412618e+03 3.709269857677891806e-17 1.944888663315329901e-19
9.425434588507056105e+03 3.827796399105000157e-17 1.898290474102563447e-19
9.470245066353052607e+03 3.873342367488222047e-17 2.018048311627990417e-19
9.515268582537613838e+03 3.881779908090619278e-17 1.793770695929555492e-19
9.560506149889302833e+03 4.040676905992743444e-17 1.845289912148630557e-19
9.605958786051958668e+03 4.031408573397017608e-17 1.749811091519912127e-19
9.651627513507435651e+03 4.148236705591178585e-17 2.149979412714861210e-19
9.697513359598737225e+03 4.287444204770302751e-17 2.327701599515208877e-19
9.743617356553064383e+03 4.387489384847242079e-17 2.166254426165473257e-19
9.789940541504993234e+03 4.330117722326599803e-17 6.965984495706418069e-19
9.836483956519919957e+03 -1.000000000000000000e+00 -1.000000000000000000e+00
9.883248648617365689e+03 -1.000000000000000000e+00 -1.000000000000000000e+00
9.930235669794657952e+03 -1.000000000000000000e+00 -1.000000000000000000e+00
9.977446077050535678e+03 -1.000000000000000000e+00 -1.000000000000000000e+00
1.002488093240887429e+04 -1.000000000000000000e+00 -1.000000000000000000e+00
1.007254130294269999e+04 4.981869169946470793e-17 3.242794654921120041e-18
1.012042826079808401e+04 5.168547905670254607e-17 1.894807902953516065e-18
1.016854288321830427e+04 5.350658150328861684e-17 1.851020820674648900e-18
1.021688625256812156e+04 5.528164261745926434e-17 9.946202107027253162e-19
1.026545945635800672e+04 5.735804596389749569e-17 1.004337202526438198e-18
1.031426358726875696e+04 6.170367953421126050e-17 8.148017637581476866e-19
1.036329974317596316e+04 6.042826147877683156e-17 6.786101640284305438e-19
1.041256902717473713e+04 5.934348020994392444e-17 5.558768460090103355e-19
1.046207254760458272e+04 6.148715586388794611e-17 4.617619853495022246e-19
1.051181141807420499e+04 6.244808533603702953e-17 4.199175778535333751e-19
1.056178675748671412e+04 6.291857045428690668e-17 4.146990514082990225e-19
1.061199969006466745e+04 6.176974968729277521e-17 4.482821530202174583e-19
1.066245134537541708e+04 6.289626148017000565e-17 4.886293994868489272e-19
1.071314285835655573e+04 6.326951213414544659e-17 7.045293781648393616e-19
1.076407536934132986e+04 6.376943238570941540e-17 4.742889741184923508e-19
1.081525002408444197e+04 6.330444390866120436e-17 5.785223401743159287e-19
1.086666797378770571e+04 6.415790950267905838e-17 4.037661323785041119e-19
1.091833037512599367e+04 6.337036782513603818e-17 4.818672116133801959e-19
1.097023839027329086e+04 6.255859830453571290e-17 4.883150196204387812e-19
1.102239318692872257e+04 6.244495653268117360e-17 4.518079331282483723e-19
1.107479593834297702e+04 6.223122767823024422e-17 4.291875162301410557e-19
1.112744782334457705e+04 5.997093599273371872e-17 3.910513435329329618e-19
1.118035002636643912e+04 5.779617601726931466e-17 4.334468166634914919e-19
1.123350373747256890e+04 5.715915713365280309e-17 3.433240161812914166e-19
1.128691015238469845e+04 5.435220508794204290e-17 4.459677592176019457e-19
1.134057047250935648e+04 5.296992661619221074e-17 3.568805320429396626e-19
1.139448590496476027e+04 5.318477681381463416e-17 3.788051652335677245e-19
1.144865766260801502e+04 4.894249816227777009e-17 3.582807794279643902e-19
1.150308696406245326e+04 4.983821457894318143e-17 3.955581092975143496e-19
1.155777503374490880e+04 4.893733085515402082e-17 4.648604095937194987e-19
1.161272310189343443e+04 4.843675744681477222e-17 4.061570239849224068e-19
1.166793240459484514e+04 4.759542745290988183e-17 4.280820252474581559e-19
1.172340418381256313e+04 4.501735317324176378e-17 3.195855781506396688e-19
1.177913968741461395e+04 4.547785835422472928e-17 2.916311639095308149e-19
1.183514016920156791e+04 4.505789743095531453e-17 2.682463429302007167e-19
1.189140688893490187e+04 4.427263711362338800e-17 2.489551972639882009e-19
1.194794111236521712e+04 4.236355224366097479e-17 3.715230394760770271e-19
1.200474411126075574e+04 4.274700680101046251e-17 4.132833262561983140e-19
1.206181716343605694e+04 4.263417371217791222e-17 2.854999240791606724e-19
1.211916155278057522e+04 4.142235460572414373e-17 4.333225431046595568e-19
1.217677856928772417e+04 4.339118749377444823e-17 4.157015250448337500e-19
1.223466950908376748e+04 4.306223434136170943e-17 4.315391405615529899e-19
1.229283567445702283e+04 4.197748976239269999e-17 3.601323583513483340e-19
1.235127837388720764e+04 4.142597960444301576e-17 2.578625441349808195e-19
1.240999892207473749e+04 4.042932580785154475e-17 2.679725719085873893e-19
1.246899863997047214e+04 3.880865907282796135e-17 2.674374253221634321e-19
1.252827885480529767e+04 3.669855953513152010e-17 2.648909709865927104e-19
1.258784090012003435e+04 3.498499608249240389e-17 4.134355196741545322e-19
1.264768611579548087e+04 2.993500873614477808e-17 6.269399991434115855e-19
1.270781584808242042e+04 2.293201368002754312e-17 5.487823157051161337e-19
1.276823144963208142e+04 2.957860173322166908e-17 6.605535446049681958e-19
1.282893427952642742e+04 3.162099434090099680e-17 3.757772857418495611e-19
1.288992570330878152e+04 3.070934199266363816e-17 4.204211750236799327e-19
1.295120709301459283e+04 3.190742093266733281e-17 2.373384573381495758e-19
1.301277982720216278e+04 3.116181570220521009e-17 2.907812019861237447e-19
1.307464529098383537e+04 3.160208851880256072e-17 6.378113575771784896e-19
1.313680487605702183e+04 -1.000000000000000000e+00 -1.000000000000000000e+00
1.319925998073554183e+04 -1.000000000000000000e+00 -1.000000000000000000e+00
1.326201200998113563e+04 -1.000000000000000000e+00 -1.000000000000000000e+00
1.332506237543498901e+04 -1.000000000000000000e+00 -1.000000000000000000e+00
1.338841249544952552e+04 -1.000000000000000000e+00 -1.000000000000000000e+00
1.345206379512032436e+04 -1.000000000000000000e+00 -1.000000000000000000e+00
1.351601770631813997e+04 -1.000000000000000000e+00 -1.000000000000000000e+00
1.358027566772118189e+04 -1.000000000000000000e+00 -1.000000000000000000e+00
1.364483912484740722e+04 -1.000000000000000000e+00 -1.000000000000000000e+00
1.370970953008706056e+04 -1.000000000000000000e+00 -1.000000000000000000e+00
1.377488834273536850e+04 -1.000000000000000000e+00 -1.000000000000000000e+00
1.384037702902532328e+04 -1.000000000000000000e+00 -1.000000000000000000e+00
1.390617706216074839e+04 -1.000000000000000000e+00 -1.000000000000000000e+00
1.397228992234933321e+04 -1.000000000000000000e+00 -1.000000000000000000e+00
1.403871709683600056e+04 -1.000000000000000000e+00 -1.000000000000000000e+00
1.410546007993634521e+04 -1.000000000000000000e+00 -1.000000000000000000e+00
1.417252037307023784e+04 -1.000000000000000000e+00 -1.000000000000000000e+00
1.423989948479564737e+04 -1.000000000000000000e+00 -1.000000000000000000e+00
1.430759893084250325e+04 -1.000000000000000000e+00 -1.000000000000000000e+00
1.437562023414683244e+04 3.653139935010277918e-17 1.498582991191095899e-19
1.444396492488506738e+04 3.578877941923210508e-17 1.242870050464284579e-19
1.451263454050832661e+04 3.466403610030971688e-17 4.350436758490192478e-19
1.458163062577718301e+04 3.514498908493143033e-17 1.931129875084622596e-19
1.465095473279626640e+04 3.187741277734593944e-17 2.432077366495366862e-19
1.472060842104924268e+04 3.143230097141912548e-17 2.226655546773250497e-19
1.479059325743394038e+04 3.167043017067403948e-17 3.394915541653698698e-19
1.486091081629744076e+04 3.228344987146249778e-17 3.059928387490826176e-19
1.493156267947170636e+04 3.412928782827947198e-17 1.283998150308427977e-19
1.500255043630899854e+04 3.272212304334181359e-17 2.933427572560540584e-19
1.507387568371768975e+04 3.431269698834622634e-17 1.956903602277711177e-19
1.514554002619824678e+04 3.497213572067520327e-17 1.850834603362577284e-19
1.521754507587915577e+04 3.673398165301364048e-17 2.469326623130313305e-19
1.528989245255341484e+04 3.772434672090550049e-17 1.188643351842286354e-19
1.536258378371478466e+04 3.740072888471471923e-17 2.182229135446502925e-19
1.543562070459447023e+04 3.731843682463833676e-17 1.661573864956829697e-19
1.550900485819797359e+04 3.640306485075313757e-17 2.530733296492337017e-19
1.558273789534186835e+04 3.625140394872830817e-17 3.366915012330920704e-19
1.565682147469117444e+04 3.587656169400884428e-17 1.816848813866856158e-19
1.573125726279648188e+04 3.597724976050305882e-17 2.108923689233949486e-19
1.580604693413150926e+04 3.345176306218021113e-17 2.776707483060093195e-19
1.588119217113083505e+04 3.389709157655618829e-17 1.397827228757643267e-19
1.595669466422757250e+04 3.389216433138908140e-17 1.963112649198320234e-19
1.603255611189161573e+04 3.200492017656378853e-17 1.757215764225717631e-19
1.610877822066767112e+04 3.151232002881140749e-17 1.069450827895171099e-19
1.618536270521371989e+04 3.098552218379091580e-17 1.866580068105933382e-19
1.626231128833965158e+04 2.980264477065714068e-17 1.507048556400813562e-19
1.633962570104582301e+04 2.790380718471034712e-17 1.898182848854870764e-19
1.641730768256225565e+04 2.716326795860087971e-17 3.048569939233386869e-19
1.649535898038756932e+04 2.736571160142195656e-17 1.182106588570001834e-19
1.657378135032833961e+04 2.718038329568294727e-17 9.688924029829218980e-20
1.665257655653869733e+04 2.520783027022137260e-17 1.976836383372722559e-19
1.673174637155979144e+04 2.575719717548482035e-17 1.142675840197566645e-19
1.681129257635994145e+04 2.606660770944364715e-17 1.118229603860973508e-19
1.689121696037448055e+04 2.507092089595086299e-17 1.696985317210196019e-19
1.697152132154608626e+04 2.525722988560079275e-17 9.563714996655956750e-20
1.705220746636530021e+04 2.457519859182035559e-17 2.143065864414506126e-19
1.713327720991098977e+04 2.444020891781496770e-17 1.247196914497479437e-19
1.721473237589139171e+04 2.320831109095528875e-17 1.568175454856125772e-19
1.729657479668495580e+04 2.366486316034919153e-17 1.437635273154995848e-19
1.737880631338165767e+04 2.285742949769237235e-17 2.138735160665765202e-19
1.746142877582446090e+04 2.229167843777163684e-17 1.175883134442696855e-19
1.754444404265073899e+04 2.203660100390882407e-17 7.042608475439334108e-20
1.762785398133434865e+04 2.181583172529310928e-17 1.836842715539452505e-19
1.771166046822742283e+04 2.148579081244802692e-17 8.211859981623900085e-20
1.779586538860266955e+04 2.042164505641138209e-17 1.229458977964828474e-19
1.788047063669585259e+04 2.068209948381666466e-17 1.748447494136010977e-19
1.796547811574818479e+04 -1.000000000000000000e+00 -1.000000000000000000e+00
1.805088973804943453e+04 -1.000000000000000000e+00 -1.000000000000000000e+00
1.813670742498069740e+04 -1.000000000000000000e+00 -1.000000000000000000e+00
1.822293310705772456e+04 -1.000000000000000000e+00 -1.000000000000000000e+00
1.830956872397442203e+04 -1.000000000000000000e+00 -1.000000000000000000e+00
1.839661622464625907e+04 -1.000000000000000000e+00 -1.000000000000000000e+00
1.848407756725440049e+04 -1.000000000000000000e+00 -1.000000000000000000e+00
1.857195471928951883e+04 -1.000000000000000000e+00 -1.000000000000000000e+00
1.866024965759617407e+04 -1.000000000000000000e+00 -1.000000000000000000e+00
1.874896436841730247e+04 -1.000000000000000000e+00 -1.000000000000000000e+00
1.883810084743873813e+04 -1.000000000000000000e+00 -1.000000000000000000e+00
1.892766109983434580e+04 -1.000000000000000000e+00 -1.000000000000000000e+00
1.901764714031094263e+04 -1.000000000000000000e+00 -1.000000000000000000e+00
1.910806099315365282e+04 -1.000000000000000000e+00 -1.000000000000000000e+00
1.919890469227156427e+04 -1.000000000000000000e+00 -1.000000000000000000e+00
1.929018028124331249e+04 -1.000000000000000000e+00 -1.000000000000000000e+00
1.938188981336315192e+04 2.333811352413387072e-17 7.769196202973376724e-20
1.947403535168713279e+04 2.149831347306038872e-17 9.612195012263298262e-20
1.956661896907948540e+04 2.183941260267960410e-17 9.789938167971999519e-20
1.965964274825931716e+04 2.351678339709594750e-17 1.070858231475739914e-19
1.975310878184735702e+04 2.540718355085684823e-17 1.115780426829515754e-19
1.984701917241312185e+04 2.547246449535482977e-17 7.608188354118814505e-20
1.994137603252216650e+04 2.286074025806225205e-17 1.093153623863833209e-19
2.003618148478360672e+04 2.194520303522721487e-17 7.884424104096233071e-20
2.013143766189795133e+04 2.072176299064716778e-17 8.176456121040044907e-20
2.022714670670493797e+04 2.604165606756553803e-17 2.261034475422526736e-19
2.032331077223184548e+04 2.660683980210939607e-17 1.143268021549783311e-19
2.041993202174187536e+04 2.539203617029751682e-17 8.873611996909726456e-20
2.051701262878283160e+04 2.294641251230416622e-17 1.305117536494628199e-19
2.061455477723605509e+04 2.151334791284478811e-17 9.644734885581845196e-20
2.071256066136547815e+04 2.206352691773439280e-17 1.290968838234903883e-19
2.081103248586701739e+04 2.181528349482756782e-17 1.442850446980058814e-19
2.090997246591818475e+04 2.244411961988625280e-17 8.618418724203545490e-20
2.100938282722788790e+04 2.089021054199333266e-17 1.309209112034231710e-19
2.110926580608657605e+04 2.080956874743926509e-17 1.227579668574314637e-19
2.120962364941642591e+04 2.075063609707065838e-17 1.156496974625956511e-19
2.131045861482194596e+04 2.150541554568433760e-17 1.062139427492415629e-19
2.141177297064086451e+04 1.989544210911474197e-17 1.133843418096218703e-19
2.151356899599489770e+04 1.924454196810654836e-17 1.224118517639778137e-19
2.161584898084133965e+04 1.948713349721462143e-17 1.130325073591537642e-19
2.171861522602431432e+04 1.906518715174127881e-17 1.300012085148907114e-19
2.182187004332666038e+04 1.860020436923930916e-17 1.214571756863490608e-19
2.192561575552199429e+04 1.672017991605147970e-17 1.489497859515971966e-19
2.202985469642671160e+04 1.783186159047588487e-17 1.584986883686065186e-19
2.213458921095283222e+04 1.692083201557999971e-17 1.350568940800545117e-19
2.223982165516047826e+04 1.624185796968057361e-17 1.684233127137219740e-19
2.234555439631097397e+04 1.484743641962655379e-17 1.572954328752776757e-19
2.245178981292017488e+04 1.503284238095387353e-17 2.652402543964718424e-19
2.255853029481176418e+04 -1.000000000000000000e+00 -1.000000000000000000e+00
2.266577824317127306e+04 -1.000000000000000000e+00 -1.000000000000000000e+00
2.277353607059990100e+04 -1.000000000000000000e+00 -1.000000000000000000e+00
2.288180620116884165e+04 -1.000000000000000000e+00 -1.000000000000000000e+00
2.299059107047392536e+04 -1.000000000000000000e+00 -1.000000000000000000e+00
2.309989312569014146e+04 -1.000000000000000000e+00 -1.000000000000000000e+00
2.320971482562704114e+04 -1.000000000000000000e+00 -1.000000000000000000e+00
2.332005864078375453e+04 -1.000000000000000000e+00 -1.000000000000000000e+00
2.343092705340468819e+04 -1.000000000000000000e+00 -1.000000000000000000e+00
2.354232255753544814e+04 -1.000000000000000000e+00 -1.000000000000000000e+00
2.365424765907868277e+04 -1.000000000000000000e+00 -1.000000000000000000e+00
2.376670487585079900e+04 -1.000000000000000000e+00 -1.000000000000000000e+00
2.387969673763832179e+04 -1.000000000000000000e+00 -1.000000000000000000e+00
2.399322578625490860e+04 -1.000000000000000000e+00 -1.000000000000000000e+00
2.410729457559863658e+04 -1.000000000000000000e+00 -1.000000000000000000e+00
2.422190567170915529e+04 -1.000000000000000000e+00 -1.000000000000000000e+00
2.433706165282579241e+04 -1.000000000000000000e+00 -1.000000000000000000e+00
2.445276510944525216e+04 -1.000000000000000000e+00 -1.000000000000000000e+00
2.456901864438000121e+04 -1.000000000000000000e+00 -1.000000000000000000e+00
2.468582487281691647e+04 -1.000000000000000000e+00 -1.000000000000000000e+00
2.480318642237584936e+04 -1.000000000000000000e+00 -1.000000000000000000e+00
2.492110593316907762e+04 -1.000000000000000000e+00 -1.000000000000000000e+00
2.503958605786040425e+04 -1.000000000000000000e+00 -1.000000000000000000e+00
2.515862946172496959e+04 -1.000000000000000000e+00 -1.000000000000000000e+00
2.527823882270928516e+04 -1.000000000000000000e+00 -1.000000000000000000e+00
2.539841683149118762e+04 -1.000000000000000000e+00 -1.000000000000000000e+00
2.551916619154074942e+04 -1.000000000000000000e+00 -1.000000000000000000e+00
2.564048961918078203e+04 -1.000000000000000000e+00 -1.000000000000000000e+00
2.576238984364808130e+04 -1.000000000000000000e+00 -1.000000000000000000e+00
2.588486960715489113e+04 -1.000000000000000000e+00 -1.000000000000000000e+00
2.600793166495033074e+04 -1.000000000000000000e+00 -1.000000000000000000e+00
2.613157878538271689e+04 -1.000000000000000000e+00 -1.000000000000000000e+00
2.625581374996158775e+04 -1.000000000000000000e+00 -1.000000000000000000e+00
2.638063935342032710e+04 -1.000000000000000000e+00 -1.000000000000000000e+00
2.650605840377919958e+04 -1.000000000000000000e+00 -1.000000000000000000e+00
2.663207372240817494e+04 -1.000000000000000000e+00 -1.000000000000000000e+00
2.675868814409080005e+04 -1.000000000000000000e+00 -1.000000000000000000e+00
2.688590451708765613e+04 -1.000000000000000000e+00 -1.000000000000000000e+00
2.701372570320056548e+04 -1.000000000000000000e+00 -1.000000000000000000e+00
2.714215457783704187e+04 -1.000000000000000000e+00 -1.000000000000000000e+00
2.727119403007469737e+04 -1.000000000000000000e+00 -1.000000000000000000e+00
2.740084696272662404e+04 -1.000000000000000000e+00 -1.000000000000000000e+00
2.753111629240637194e+04 -1.000000000000000000e+00 -1.000000000000000000e+00
2.766200494959367279e+04 -1.000000000000000000e+00 -1.000000000000000000e+00
2.779351587870047297e+04 -1.000000000000000000e+00 -1.000000000000000000e+00
2.792565203813696280e+04 -1.000000000000000000e+00 -1.000000000000000000e+00
2.805841640037826801e+04 -1.000000000000000000e+00 -1.000000000000000000e+00
2.819181195203127209e+04 -1.000000000000000000e+00 -1.000000000000000000e+00
2.832584169390178431e+04 -1.000000000000000000e+00 -1.000000000000000000e+00
2.846050864106217341e+04 -1.000000000000000000e+00 -1.000000000000000000e+00
2.859581582291896120e+04 -1.000000000000000000e+00 -1.000000000000000000e+00
2.873176628328117295e+04 -1.000000000000000000e+00 -1.000000000000000000e+00
2.886836308042870223e+04 -1.000000000000000000e+00 -1.000000000000000000e+00
2.900560928718113792e+04 -1.000000000000000000e+00 -1.000000000000000000e+00
2.914350799096696210e+04 -1.000000000000000000e+00 -1.000000000000000000e+00
2.928206229389285363e+04 -1.000000000000000000e+00 -1.000000000000000000e+00
2.942127531281357733e+04 -1.000000000000000000e+00 -1.000000000000000000e+00
2.956115017940208782e+04 -1.000000000000000000e+00 -1.000000000000000000e+00
2.970169004021991350e+04 -1.000000000000000000e+00 -1.000000000000000000e+00
2.984289805678810080e+04 -1.000000000000000000e+00 -1.000000000000000000e+00
2.998477740565812564e+04 -1.000000000000000000e+00 -1.000000000000000000e+00
3.012733127848347794e+04 -1.000000000000000000e+00 -1.000000000000000000e+00
3.027056288209143895e+04 -1.000000000000000000e+00 -1.000000000000000000e+00
3.041447543855518234e+04 -1.000000000000000000e+00 -1.000000000000000000e+00
3.055907218526638098e+04 -1.000000000000000000e+00 -1.000000000000000000e+00
3.070435637500784651e+04 -1.000000000000000000e+00 -1.000000000000000000e+00
3.085033127602679815e+04 -1.000000000000000000e+00 -1.000000000000000000e+00
3.099700017210851001e+04 -1.000000000000000000e+00 -1.000000000000000000e+00
3.114436636264982735e+04 -1.000000000000000000e+00 -1.000000000000000000e+00
3.129243316273384698e+04 -1.000000000000000000e+00 -1.000000000000000000e+00
3.144120390320412480e+04 -1.000000000000000000e+00 -1.000000000000000000e+00
3.159068193073974544e+04 -1.000000000000000000e+00 -1.000000000000000000e+00
3.174087060793072669e+04 -1.000000000000000000e+00 -1.000000000000000000e+00
3.189177331335331473e+04 -1.000000000000000000e+00 -1.000000000000000000e+00
3.204339344164643990e+04 -1.000000000000000000e+00 -1.000000000000000000e+00
3.219573440358772496e+04 -1.000000000000000000e+00 -1.000000000000000000e+00
3.234879962617033016e+04 -1.000000000000000000e+00 -1.000000000000000000e+00
3.250259255268019115e+04 -1.000000000000000000e+00 -1.000000000000000000e+00
3.265711664277310774e+04 -1.000000000000000000e+00 -1.000000000000000000e+00
3.281237537255304051e+04 -1.000000000000000000e+00 -1.000000000000000000e+00
3.296837223464994167e+04 -1.000000000000000000e+00 -1.000000000000000000e+00
3.312511073829844099e+04 -1.000000000000000000e+00 -1.000000000000000000e+00
3.328259440941694629e+04 -1.000000000000000000e+00 -1.000000000000000000e+00
3.344082679068656580e+04 -1.000000000000000000e+00 -1.000000000000000000e+00
3.359981144163130375e+04 -1.000000000000000000e+00 -1.000000000000000000e+00
3.375955193869773211e+04 -1.000000000000000000e+00 -1.000000000000000000e+00
3.392005187533560820e+04 -1.000000000000000000e+00 -1.000000000000000000e+00
3.408131486207882699e+04 -1.000000000000000000e+00 -1.000000000000000000e+00
3.424334452662627154e+04 -1.000000000000000000e+00 -1.000000000000000000e+00
3.440614451392390765e+04 -1.000000000000000000e+00 -1.000000000000000000e+00
3.456971848624637641e+04 -1.000000000000000000e+00 -1.000000000000000000e+00
3.473407012327956181e+04 -1.000000000000000000e+00 -1.000000000000000000e+00
3.489920312220346386e+04 -1.000000000000000000e+00 -1.000000000000000000e+00
3.506512119777499902e+04 -1.000000000000000000e+00 -1.000000000000000000e+00
3.523182808241206658e+04 -1.000000000000000000e+00 -1.000000000000000000e+00
3.539932752627711307e+04 -1.000000000000000000e+00 -1.000000000000000000e+00
3.556762329736162064e+04 -1.000000000000000000e+00 -1.000000000000000000e+00
3.573671918157107575e+04 -1.000000000000000000e+00 -1.000000000000000000e+00
3.590661898280963942e+04 -1.000000000000000000e+00 -1.000000000000000000e+00
3.607732652306631644e+04 -1.000000000000000000e+00 -1.000000000000000000e+00
3.624884564250047697e+04 -1.000000000000000000e+00 -1.000000000000000000e+00
3.642118019952842587e+04 -1.000000000000000000e+00 -1.000000000000000000e+00
3.659433407091032132e+04 -1.000000000000000000e+00 -1.000000000000000000e+00
3.676831115183696966e+04 -1.000000000000000000e+00 -1.000000000000000000e+00
3.694311535601802461e+04 -1.000000000000000000e+00 -1.000000000000000000e+00
3.711875061576953885e+04 -1.000000000000000000e+00 -1.000000000000000000e+00
3.729522088210264337e+04 -1.000000000000000000e+00 -1.000000000000000000e+00
3.747253012481253245e+04 -1.000000000000000000e+00 -1.000000000000000000e+00
3.765068233256737585e+04 -1.000000000000000000e+00 -1.000000000000000000e+00
3.782968151299856981e+04 -1.000000000000000000e+00 -1.000000000000000000e+00
3.800953169279046415e+04 -1.000000000000000000e+00 -1.000000000000000000e+00
3.819023691777111526e+04 -1.000000000000000000e+00 -1.000000000000000000e+00
3.837180125300342479e+04 -1.000000000000000000e+00 -1.000000000000000000e+00
3.855422878287620551e+04 -1.000000000000000000e+00 -1.000000000000000000e+00
3.873752361119654233e+04 -1.000000000000000000e+00 -1.000000000000000000e+00
3.892168986128173856e+04 -1.000000000000000000e+00 -1.000000000000000000e+00
3.910673167605222261e+04 -1.000000000000000000e+00 -1.000000000000000000e+00
3.929265321812484035e+04 -1.000000000000000000e+00 -1.000000000000000000e+00
3.947945866990615468e+04 -1.000000000000000000e+00 -1.000000000000000000e+00
3.966715223368701118e+04 -1.000000000000000000e+00 -1.000000000000000000e+00
3.985573813173666713e+04 -1.000000000000000000e+00 -1.000000000000000000e+00
4.004522060639791744e+04 -1.000000000000000000e+00 -1.000000000000000000e+00
4.023560392018267885e+04 -1.000000000000000000e+00 -1.000000000000000000e+00
4.042689235586760333e+04 -1.000000000000000000e+00 -1.000000000000000000e+00
4.061909021659059363e+04 -1.000000000000000000e+00 -1.000000000000000000e+00
4.081220182594757352e+04 -1.000000000000000000e+00 -1.000000000000000000e+00
4.100623152808968734e+04 -1.000000000000000000e+00 -1.000000000000000000e+00
4.120118368782121979e+04 -1.000000000000000000e+00 -1.000000000000000000e+00
4.139706269069750851e+04 -1.000000000000000000e+00 -1.000000000000000000e+00
4.159387294312376616e+04 -1.000000000000000000e+00 -1.000000000000000000e+00
4.179161887245419348e+04 -1.000000000000000000e+00 -1.000000000000000000e+00
4.199030492709150712e+04 -1.000000000000000000e+00 -1.000000000000000000e+00
4.218993557658716600e+04 -1.000000000000000000e+00 -1.000000000000000000e+00
4.239051531174170668e+04 -1.000000000000000000e+00 -1.000000000000000000e+00
4.259204864470587927e+04 -1.000000000000000000e+00 -1.000000000000000000e+00
4.279454010908216151e+04 -1.000000000000000000e+00 -1.000000000000000000e+00
4.299799426002667315e+04 -1.000000000000000000e+00 -1.000000000000000000e+00
4.320241567435181059e+04 -1.000000000000000000e+00 -1.000000000000000000e+00
4.340780895062897616e+04 -1.000000000000000000e+00 -1.000000000000000000e+00
4.361417870929216588e+04 -1.000000000000000000e+00 -1.000000000000000000e+00
4.382152959274189197e+04 -1.000000000000000000e+00 -1.000000000000000000e+00
4.402986626544956380e+04 -1.000000000000000000e+00 -1.000000000000000000e+00
4.423919341406256717e+04 -1.000000000000000000e+00 -1.000000000000000000e+00
4.444951574750948930e+04 -1.000000000000000000e+00 -1.000000000000000000e+00
4.466083799710610765e+04 -1.000000000000000000e+00 -1.000000000000000000e+00
4.487316491666207003e+04 -1.000000000000000000e+00 -1.000000000000000000e+00
4.508650128258728364e+04 -1.000000000000000000e+00 -1.000000000000000000e+00
4.530085189400002855e+04 -1.000000000000000000e+00 -1.000000000000000000e+00
4.551622157283443084e+04 -1.000000000000000000e+00 -1.000000000000000000e+00
4.573261516394905630e+04 -1.000000000000000000e+00 -1.000000000000000000e+00
4.595003753523614432e+04 -1.000000000000000000e+00 -1.000000000000000000e+00
4.616849357773058728e+04 -1.000000000000000000e+00 -1.000000000000000000e+00
4.638798820572059049e+04 -1.000000000000000000e+00 -1.000000000000000000e+00
4.660852635685772111e+04 -1.000000000000000000e+00 -1.000000000000000000e+00
4.683011299226817209e+04 -1.000000000000000000e+00 -1.000000000000000000e+00
4.705275309666455723e+04 -1.000000000000000000e+00 -1.000000000000000000e+00
4.727645167845751712e+04 -1.000000000000000000e+00 -1.000000000000000000e+00
4.750121376986904215e+04 -1.000000000000000000e+00 -1.000000000000000000e+00
4.772704442704517714e+04 -1.000000000000000000e+00 -1.000000000000000000e+00
4.795394873016991914e+04 -1.000000000000000000e+00 -1.000000000000000000e+00
4.818193178357973375e+04 -1.000000000000000000e+00 -1.000000000000000000e+00
4.841099871587781672e+04 -1.000000000000000000e+00 -1.000000000000000000e+00
4.864115468005013099e+04 -1.000000000000000000e+00 -1.000000000000000000e+00
4.887240485358084698e+04 -1.000000000000000000e+00 -1.000000000000000000e+00
4.910475443856893980e+04 -1.000000000000000000e+00 -1.000000000000000000e+00
4.933820866184546321e+04 -1.000000000000000000e+00 -1.000000000000000000e+00
4.957277277509056148e+04 -1.000000000000000000e+00 -1.000000000000000000e+00
4.980845205495231494e+04 -1.000000000000000000e+00 -1.000000000000000000e+00
5.004525180316487240e+04 -1.000000000000000000e+00 -1.000000000000000000e+00
5.028317734666792967e+04 -1.000000000000000000e+00 -1.000000000000000000e+00
5.052223403772679012e+04 -1.000000000000000000e+00 -1.000000000000000000e+00
5.076242725405216333e+04 -1.000000000000000000e+00 -1.000000000000000000e+00
5.100376239892186277e+04 -1.000000000000000000e+00 -1.000000000000000000e+00
5.124624490130184131e+04 -1.000000000000000000e+00 -1.000000000000000000e+00
5.148988021596843464e+04 -1.000000000000000000e+00 -1.000000000000000000e+00
5.173467382363137585e+04 -1.000000000000000000e+00 -1.000000000000000000e+00
5.198063123105644627e+04 -1.000000000000000000e+00 -1.000000000000000000e+00
5.222775797119011258e+04 -1.000000000000000000e+00 -1.000000000000000000e+00
5.247605960328337824e+04 -1.000000000000000000e+00 -1.000000000000000000e+00
5.272554171301712631e+04 -1.000000000000000000e+00 -1.000000000000000000e+00
5.297620991262792813e+04 -1.000000000000000000e+00 -1.000000000000000000e+00
5.322806984103371360e+04 -1.000000000000000000e+00 -1.000000000000000000e+00
5.348112716396137694e+04 -1.000000000000000000e+00 -1.000000000000000000e+00
5.373538757407364756e+04 -1.000000000000000000e+00 -1.000000000000000000e+00
5.399085679109736520e+04 -1.000000000000000000e+00 -1.000000000000000000e+00
5.424754056195235171e+04 -1.000000000000000000e+00 -1.000000000000000000e+00
5.450544466088008630e+04 -1.000000000000000000e+00 -1.000000000000000000e+00
5.476457488957440364e+04 -1.000000000000000000e+00 -1.000000000000000000e+00
5.502493707731136237e+04 -1.000000000000000000e+00 -1.000000000000000000e+00
5.528653708108061255e+04 -1.000000000000000000e+00 -1.000000000000000000e+00
5.554938078571738151e+04 -1.000000000000000000e+00 -1.000000000000000000e+00
5.581347410403424146e+04 -1.000000000000000000e+00 -1.000000000000000000e+00
5.607882297695488523e+04 -1.000000000000000000e+00 -1.000000000000000000e+00
5.634543337364715990e+04 -1.000000000000000000e+00 -1.000000000000000000e+00
5.661331129165762104e+04 -1.000000000000000000e+00 -1.000000000000000000e+00
5.688246275704658910e+04 -1.000000000000000000e+00 -1.000000000000000000e+00
5.715289382452314749e+04 -1.000000000000000000e+00 -1.000000000000000000e+00
5.742461057758212701e+04 -1.000000000000000000e+00 -1.000000000000000000e+00
5.769761912864035548e+04 -1.000000000000000000e+00 -1.000000000000000000e+00
5.797192561917431885e+04 -1.000000000000000000e+00 -1.000000000000000000e+00
5.824753621985854988e+04 -1.000000000000000000e+00 -1.000000000000000000e+00
5.852445713070410420e+04 -1.000000000000000000e+00 -1.000000000000000000e+00
5.880269458119819319e+04 -1.000000000000000000e+00 -1.000000000000000000e+00
5.908225483044434804e+04 -1.000000000000000000e+00 -1.000000000000000000e+00
5.936314416730308585e+04 -1.000000000000000000e+00 -1.000000000000000000e+00
5.964536891053371073e+04 -1.000000000000000000e+00 -1.000000000000000000e+00
5.992893540893595491e+04 -1.000000000000000000e+00 -1.000000000000000000e+00
6.021385004149321321e+04 -1.000000000000000000e+00 -1.000000000000000000e+00
6.050011921751585032e+04 -1.000000000000000000e+00 -1.000000000000000000e+00
6.078774937678536662e+04 -1.000000000000000000e+00 -1.000000000000000000e+00
6.107674698969953897e+04 -1.000000000000000000e+00 -1.000000000000000000e+00
6.136711855741751788e+04 -1.000000000000000000e+00 -1.000000000000000000e+00
6.165887061200645257e+04 -1.000000000000000000e+00 -1.000000000000000000e+00
6.195200971658823255e+04 -1.000000000000000000e+00 -1.000000000000000000e+00
6.224654246548718947e+04 -1.000000000000000000e+00 -1.000000000000000000e+00
6.254247548437858495e+04 -1.000000000000000000e+00 -1.000000000000000000e+00
6.283981543043736019e+04 -1.000000000000000000e+00 -1.000000000000000000e+00
6.313856899248811533e+04 -1.000000000000000000e+00 -1.000000000000000000e+00
6.343874289115549618e+04 -1.000000000000000000e+00 -1.000000000000000000e+00
6.374034387901534501e+04 -1.000000000000000000e+00 -1.000000000000000000e+00
6.404337874074683350e+04 -1.000000000000000000e+00 -1.000000000000000000e+00
6.434785429328476312e+04 -1.000000000000000000e+00 -1.000000000000000000e+00
6.465377738597299322e+04 -1.000000000000000000e+00 -1.000000000000000000e+00
6.496115490071890963e+04 -1.000000000000000000e+00 -1.000000000000000000e+00
6.526999375214742759e+04 -1.000000000000000000e+00 -1.000000000000000000e+00
6.558030088775749027e+04 -1.000000000000000000e+00 -1.000000000000000000e+00
6.589208328807765793e+04 -1.000000000000000000e+00 -1.000000000000000000e+00
6.620534796682333399e+04 -1.000000000000000000e+00 -1.000000000000000000e+00
6.652010197105488623e+04 -1.000000000000000000e+00 -1.000000000000000000e+00
6.683635238133539679e+04 -1.000000000000000000e+00 -1.000000000000000000e+00
6.715410631189089327e+04 -1.000000000000000000e+00 -1.000000000000000000e+00
6.747337091076961951e+04 -1.000000000000000000e+00 -1.000000000000000000e+00
6.779415336000316893e+04 -1.000000000000000000e+00 -1.000000000000000000e+00
6.811646087576824357e+04 -1.000000000000000000e+00 -1.000000000000000000e+00
6.844030070854829683e+04 -1.000000000000000000e+00 -1.000000000000000000e+00
6.876568014329754806e+04 -1.000000000000000000e+00 -1.000000000000000000e+00
6.909260649960415321e+04 -1.000000000000000000e+00 -1.000000000000000000e+00
6.942108713185510715e+04 -1.000000000000000000e+00 -1.000000000000000000e+00
6.975112942940196081e+04 -1.000000000000000000e+00 -1.000000000000000000e+00
7.008274081672629109e+04 -1.000000000000000000e+00 -1.000000000000000000e+00
7.041592875360770267e+04 -1.000000000000000000e+00 -1.000000000000000000e+00
7.075070073529088404e+04 -1.000000000000000000e+00 -1.000000000000000000e+00
7.108706429265442421e+04 -1.000000000000000000e+00 -1.000000000000000000e+00
7.142502699238060450e+04 -1.000000000000000000e+00 -1.000000000000000000e+00
7.176459643712476827e+04 -1.000000000000000000e+00 -1.000000000000000000e+00
7.210578026568741188e+04 -1.000000000000000000e+00 -1.000000000000000000e+00
7.244858615318509692e+04 -1.000000000000000000e+00 -1.000000000000000000e+00
7.279302181122358888e+04 -1.000000000000000000e+00 -1.000000000000000000e+00
7.313909498807147611e+04 -1.000000000000000000e+00 -1.000000000000000000e+00
7.348681346883368678e+04 -1.000000000000000000e+00 -1.000000000000000000e+00
7.383618507562774175e+04 -1.000000000000000000e+00 -1.000000000000000000e+00
7.418721766775877040e+04 -1.000000000000000000e+00 -1.000000000000000000e+00
7.453991914189672389e+04 -1.000000000000000000e+00 -1.000000000000000000e+00
7.489429743225425773e+04 -1.000000000000000000e+00 -1.000000000000000000e+00
7.525036051076438162e+04 -1.000000000000000000e+00 -1.000000000000000000e+00
7.560811638726088859e+04 -1.000000000000000000e+00 -1.000000000000000000e+00
7.596757310965763463e+04 -1.000000000000000000e+00 -1.000000000000000000e+00
7.632873876412998652e+04 -1.000000000000000000e+00 -1.000000000000000000e+00
7.669162147529696813e+04 -1.000000000000000000e+00 -1.000000000000000000e+00
7.705622940640318848e+04 -1.000000000000000000e+00 -1.000000000000000000e+00
7.742257075950353465e+04 -1.000000000000000000e+00 -1.000000000000000000e+00
7.779065377564690425e+04 -1.000000000000000000e+00 -1.000000000000000000e+00
7.816048673506182968e+04 -1.000000000000000000e+00 -1.000000000000000000e+00
7.853207795734309184e+04 -1.000000000000000000e+00 -1.000000000000000000e+00
7.890543580163801380e+04 -1.000000000000000000e+00 -1.000000000000000000e+00
7.928056866683556291e+04 -1.000000000000000000e+00 -1.000000000000000000e+00
7.965748499175452162e+04 -1.000000000000000000e+00 -1.000000000000000000e+00
8.003619325533353549e+04 -1.000000000000000000e+00 -1.000000000000000000e+00
8.041670197682217986e+04 -1.000000000000000000e+00 -1.000000000000000000e+00
8.079901971597179363e+04 -1.000000000000000000e+00 -1.000000000000000000e+00
8.118315507322912163e+04 -1.000000000000000000e+00 -1.000000000000000000e+00
8.156911668992886553e+04 -1.000000000000000000e+00 -1.000000000000000000e+00
8.195691324848847580e+04 -1.000000000000000000e+00 -1.000000000000000000e+00
8.234655347260370036e+04 -1.000000000000000000e+00 -1.000000000000000000e+00
8.273804612744403130e+04 -1.000000000000000000e+00 -1.000000000000000000e+00
8.313140001985091658e+04 -1.000000000000000000e+00 -1.000000000000000000e+00
8.352662399853508396e+04 -1.000000000000000000e+00 -1.000000000000000000e+00
8.392372695427584404e+04 -1.000000000000000000e+00 -1.000000000000000000e+00
8.432271782012147014e+04 -1.000000000000000000e+00 -1.000000000000000000e+00
8.472360557158921438e+04 -1.000000000000000000e+00 -1.000000000000000000e+00
8.512639922686840873e+04 -1.000000000000000000e+00 -1.000000000000000000e+00
8.553110784702235833e+04 -1.000000000000000000e+00 -1.000000000000000000e+00
8.593774053619257757e+04 -1.000000000000000000e+00 -1.000000000000000000e+00
8.634630644180384115e+04 -1.000000000000000000e+00 -1.000000000000000000e+00
8.675681475476936612e+04 -1.000000000000000000e+00 -1.000000000000000000e+00
8.716927470969804563e+04 -1.000000000000000000e+00 -1.000000000000000000e+00
8.758369558510197385e+04 -1.000000000000000000e+00 -1.000000000000000000e+00
8.800008670360512042e+04 -1.000000000000000000e+00 -1.000000000000000000e+00
8.841845743215350376e+04 -1.000000000000000000e+00 -1.000000000000000000e+00
8.883881718222516065e+04 -1.000000000000000000e+00 -1.000000000000000000e+00
8.926117541004245868e+04 -1.000000000000000000e+00 -1.000000000000000000e+00
8.968554161678452510e+04 -1.000000000000000000e+00 -1.000000000000000000e+00
9.011192534880105813e+04 -1.000000000000000000e+00 -1.000000000000000000e+00
9.054033619782728783e+04 -1.000000000000000000e+00 -1.000000000000000000e+00
9.097078380119934445e+04 -1.000000000000000000e+00 -1.000000000000000000e+00
9.140327784207128570e+04 -1.000000000000000000e+00 -1.000000000000000000e+00
9.183782804963295348e+04 -1.000000000000000000e+00 -1.000000000000000000e+00
9.227444419932864548e+04 -1.000000000000000000e+00 -1.000000000000000000e+00
9.271313611307748943e+04 -1.000000000000000000e+00 -1.000000000000000000e+00
9.315391365949374449e+04 -1.000000000000000000e+00 -1.000000000000000000e+00
9.359678675410909636e+04 -1.000000000000000000e+00 -1.000000000000000000e+00
9.404176535959616012e+04 -1.000000000000000000e+00 -1.000000000000000000e+00
9.448885948599147378e+04 -1.000000000000000000e+00 -1.000000000000000000e+00
9.493807919092204247e+04 -1.000000000000000000e+00 -1.000000000000000000e+00
9.538943457983055850e+04 -1.000000000000000000e+00 -1.000000000000000000e+00
9.584293580620306602e+04 -1.000000000000000000e+00 -1.000000000000000000e+00
9.629859307179778989e+04 -1.000000000000000000e+00 -1.000000000000000000e+00
9.675641662687358621e+04 -1.000000000000000000e+00 -1.000000000000000000e+00
9.721641677042179799e+04 -1.000000000000000000e+00 -1.000000000000000000e+00
9.767860385039699031e+04 -1.000000000000000000e+00 -1.000000000000000000e+00
9.814298826395001379e+04 -1.000000000000000000e+00 -1.000000000000000000e+00
9.860958045766236319e+04 -1.000000000000000000e+00 -1.000000000000000000e+00
9.907839092778002669e+04 -1.000000000000000000e+00 -1.000000000000000000e+00
9.954943022045104590e+04 -1.000000000000000000e+00 -1.000000000000000000e+00
1.000227089319616643e+05 -1.000000000000000000e+00 -1.000000000000000000e+00
1.004982377089751535e+05 -1.000000000000000000e+00 -1.000000000000000000e+00
1.009760272487711190e+05 -1.000000000000000000e+00 -1.000000000000000000e+00
1.014560882994866261e+05 -1.000000000000000000e+00 -1.000000000000000000e+00
1.019384316603572515e+05 -1.000000000000000000e+00 -1.000000000000000000e+00
1.024230681819605234e+05 -1.000000000000000000e+00 -1.000000000000000000e+00
1.029100087664598686e+05 -1.000000000000000000e+00 -1.000000000000000000e+00
1.033992643678497261e+05 -1.000000000000000000e+00 -1.000000000000000000e+00
1.038908459922025067e+05 -1.000000000000000000e+00 -1.000000000000000000e+00
1.043847646979153506e+05 -1.000000000000000000e+00 -1.000000000000000000e+00
1.048810315959595318e+05 -1.000000000000000000e+00 -1.000000000000000000e+00
1.053796578501301119e+05 -1.000000000000000000e+00 -1.000000000000000000e+00
1.058806546772971051e+05 -1.000000000000000000e+00 -1.000000000000000000e+00
1.063840333476581727e+05 -1.000000000000000000e+00 -1.000000000000000000e+00
1.068898051849914918e+05 -1.000000000000000000e+00 -1.000000000000000000e+00
1.073979815669109521e+05 -1.000000000000000000e+00 -1.000000000000000000e+00
1.079085739251220366e+05 -1.000000000000000000e+00 -1.000000000000000000e+00
1.084215937456787506e+05 -1.000000000000000000e+00 -1.000000000000000000e+00
1.089370525692425726e+05 -1.000000000000000000e+00 -1.000000000000000000e+00
1.094549619913413335e+05 -1.000000000000000000e+00 -1.000000000000000000e+00
1.099753336626305536e+05 -1.000000000000000000e+00 -1.000000000000000000e+00
1.104981792891553487e+05 -1.000000000000000000e+00 -1.000000000000000000e+00
1.110235106326137757e+05 -1.000000000000000000e+00 -1.000000000000000000e+00
1.115513395106216922e+05 -1.000000000000000000e+00 -1.000000000000000000e+00
1.120816777969780960e+05 -1.000000000000000000e+00 -1.000000000000000000e+00
1.126145374219325895e+05 -1.000000000000000000e+00 -1.000000000000000000e+00
1.131499303724536439e+05 -1.000000000000000000e+00 -1.000000000000000000e+00
1.136878686924981594e+05 -1.000000000000000000e+00 -1.000000000000000000e+00
1.142283644832829013e+05 -1.000000000000000000e+00 -1.000000000000000000e+00
1.147714299035559816e+05 -1.000000000000000000e+00 -1.000000000000000000e+00
1.153170771698707831e+05 -1.000000000000000000e+00 -1.000000000000000000e+00
1.158653185568607878e+05 -1.000000000000000000e+00 -1.000000000000000000e+00
1.164161663975155534e+05 -1.000000000000000000e+00 -1.000000000000000000e+00
1.169696330834584951e+05 -1.000000000000000000e+00 -1.000000000000000000e+00
1.175257310652251181e+05 -1.000000000000000000e+00 -1.000000000000000000e+00
1.180844728525434039e+05 -1.000000000000000000e+00 -1.000000000000000000e+00
1.186458710146151570e+05 -1.000000000000000000e+00 -1.000000000000000000e+00
1.192099381803990400e+05 -1.000000000000000000e+00 -1.000000000000000000e+00
1.197766870388941607e+05 -1.000000000000000000e+00 -1.000000000000000000e+00
1.203461303394257993e+05 -1.000000000000000000e+00 -1.000000000000000000e+00
1.209182808919322415e+05 -1.000000000000000000e+00 -1.000000000000000000e+00
1.214931515672527312e+05 -1.000000000000000000e+00 -1.000000000000000000e+00
1.220707552974175196e+05 -1.000000000000000000e+00 -1.000000000000000000e+00
1.226511050759381033e+05 -1.000000000000000000e+00 -1.000000000000000000e+00
1.232342139580999356e+05 -1.000000000000000000e+00 -1.000000000000000000e+00
1.238200950612559827e+05 -1.000000000000000000e+00 -1.000000000000000000e+00
1.244087615651217347e+05 -1.000000000000000000e+00 -1.000000000000000000e+00
1.250002267120721808e+05 -1.000000000000000000e+00 -1.000000000000000000e+00
1.255945038074389158e+05 -1.000000000000000000e+00 -1.000000000000000000e+00
1.261916062198100262e+05 -1.000000000000000000e+00 -1.000000000000000000e+00
1.267915473813305725e+05 -1.000000000000000000e+00 -1.000000000000000000e+00
1.273943407880047744e+05 -1.000000000000000000e+00 -1.000000000000000000e+00
1.279999999999999854e+05 -1.000000000000000000e+00 -1.000000000000000000e+00
