1.000000000000000114e+03 -1.000000000000000000e+00 -1.000000000000000000e+00
1.004754208140241872e+03 -1.000000000000000000e+00 -1.000000000000000000e+00
1.009531018775526604e+03 -1.000000000000000000e+00 -1.000000000000000000e+00
1.014330539362816126e+03 -1.000000000000000000e+00 -1.000000000000000000e+00
1.019152877869952704e+03 -1.000000000000000000e+00 -1.000000000000000000e+00
1.023998142778073088e+03 -1.000000000000000000e+00 -1.000000000000000000e+00
1.028866443084061075e+03 -1.000000000000000000e+00 -1.000000000000000000e+00
1.033757888302995525e+03 -1.000000000000000000e+00 -1.000000000000000000e+00
1.038672588470604751e+03 -1.000000000000000000e+00 -1.000000000000000000e+00
1.043610654145760009e+03 -1.000000000000000000e+00 -1.000000000000000000e+00
1.048572196412942958e+03 -1.000000000000000000e+00 -1.000000000000000000e+00
1.053557326884760869e+03 -1.000000000000000000e+00 -1.000000000000000000e+00
1.058566157704450006e+03 -1.000000000000000000e+00 -1.000000000000000000e+00
1.063598801548392885e+03 -1.000000000000000000e+00 -1.000000000000000000e+00
1.068655371628668036e+03 -1.000000000000000000e+00 -1.000000000000000000e+00
1.073735981695578403e+03 -1.000000000000000000e+00 -1.000000000000000000e+00
1.078840746040226122e+03 -1.000000000000000000e+00 -1.000000000000000000e+00
1.083969779497077525e+03 -1.000000000000000000e+00 -1.000000000000000000e+00
1.089123197446538825e+03 -1.000000000000000000e+00 -1.000000000000000000e+00
1.094301115817567734e+03 -1.000000000000000000e+00 -1.000000000000000000e+00
1.099503651090263475e+03 -1.000000000000000000e+00 -1.000000000000000000e+00
1.104730920298502497e+03 -1.000000000000000000e+00 -1.000000000000000000e+00
1.109983041032564870e+03 -1.000000000000000000e+00 -1.000000000000000000e+00
1.115260131441772273e+03 -1.000000000000000000e+00 -1.000000000000000000e+00
1.120562310237162365e+03 -1.000000000000000000e+00 -1.000000000000000000e+00
1.125889696694140184e+03 -1.000000000000000000e+00 -1.000000000000000000e+00
1.131242410655177991e+03 -1.000000000000000000e+00 -1.000000000000000000e+00
1.136620572532504184e+03 -1.000000000000000000e+00 -1.000000000000000000e+00
1.142024303310804498e+03 -1.000000000000000000e+00 -1.000000000000000000e+00
1.147453724549961180e+03 -1.000000000000000000e+00 -1.000000000000000000e+00
1.152908958387767598e+03 -1.000000000000000000e+00 -1.000000000000000000e+00
1.158390127542692653e+03 -1.000000000000000000e+00 -1.000000000000000000e+00
1.163897355316634275e+03 -1.000000000000000000e+00 -1.000000000000000000e+00
1.169430765597686559e+03 -1.000000000000000000e+00 -1.000000000000000000e+00
1.174990482862943054e+03 -1.000000000000000000e+00 -1.000000000000000000e+00
1.180576632181276636e+03 -1.000000000000000000e+00 -1.000000000000000000e+00
1.186189339216172357e+03 -1.000000000000000000e+00 -1.000000000000000000e+00
1.191828730228544600e+03 -1.000000000000000000e+00 -1.000000000000000000e+00
1.197494932079571299e+03 -1.000000000000000000e+00 -1.000000000000000000e+00
1.203188072233562480e+03 -1.000000000000000000e+00 -1.000000000000000000e+00
1.208908278760819712e+03 -1.000000000000000000e+00 -1.000000000000000000e+00
1.214655680340510116e+03 -1.000000000000000000e+00 -1.000000000000000000e+00
1.220430406263578789e+03 -1.000000000000000000e+00 -1.000000000000000000e+00
1.226232586435635767e+03 -1.000000000000000000e+00 -1.000000000000000000e+00
1.232062351379898018e+03 -1.000000000000000000e+00 -1.000000000000000000e+00
1.237919832240116421e+03 -1.000000000000000000e+00 -1.000000000000000000e+00
1.243805160783519341e+03 -1.000000000000000000e+00 -1.000000000000000000e+00
1.249718469403793961e+03 -1.000000000000000000e+00 -1.000000000000000000e+00
1.255659891124043952e+03 -1.000000000000000000e+00 -1.000000000000000000e+00
1.261629559599801269e+03 -1.000000000000000000e+00 -1.000000000000000000e+00
1.267627609122023159e+03 -1.000000000000000000e+00 -1.000000000000000000e+00
1.273654174620106460e+03 -1.000000000000000000e+00 -1.000000000000000000e+00
1.279709391664940995e+03 -1.000000000000000000e+00 -1.000000000000000000e+00
1.285793396471938649e+03 -1.000000000000000000e+00 -1.000000000000000000e+00
1.291906325904114738e+03 -1.000000000000000000e+00 -1.000000000000000000e+00
1.298048317475160957e+03 -1.000000000000000000e+00 -1.000000000000000000e+00
1.304219509352528576e+03 -1.000000000000000000e+00 -1.000000000000000000e+00
1.310420040360557323e+03 -1.000000000000000000e+00 -1.000000000000000000e+00
1.316650049983575627e+03 -1.000000000000000000e+00 -1.000000000000000000e+00
1.322909678369057474e+03 -1.000000000000000000e+00 -1.000000000000000000e+00
1.329199066330767209e+03 -1.000000000000000000e+00 -1.000000000000000000e+00
1.335518355351918899e+03 -1.000000000000000000e+00 -1.000000000000000000e+00
1.341867687588378203e+03 -1.000000000000000000e+00 -1.000000000000000000e+00
1.348247205871838560e+03 -1.000000000000000000e+00 -1.000000000000000000e+00
1.354657053713052846e+03 -1.000000000000000000e+00 -1.000000000000000000e+00
1.361097375305054356e+03 -1.000000000000000000e+00 -1.000000000000000000e+00
1.367568315526391643e+03 -1.000000000000000000e+00 -1.000000000000000000e+00
1.374070019944406795e+03 -1.000000000000000000e+00 -1.000000000000000000e+00
1.380602634818489150e+03 -1.000000000000000000e+00 -1.000000000000000000e+00
1.387166307103382678e+03 -1.000000000000000000e+00 -1.000000000000000000e+00
1.393761184452485622e+03 -1.000000000000000000e+00 -1.000000000000000000e+00
1.400387415221162883e+03 -1.000000000000000000e+00 -1.000000000000000000e+00
1.407045148470102504e+03 -1.000000000000000000e+00 -1.000000000000000000e+00
1.413734533968647156e+03 -1.000000000000000000e+00 -1.000000000000000000e+00
1.420455722198182002e+03 -1.000000000000000000e+00 -1.000000000000000000e+00
1.427208864355512787e+03 -1.000000000000000000e+00 -1.000000000000000000e+00
1.433994112356257119e+03 -1.000000000000000000e+00 -1.000000000000000000e+00
1.440811618838283266e+03 -1.000000000000000000e+00 -1.000000000000000000e+00
1.447661537165119171e+03 -1.000000000000000000e+00 -1.000000000000000000e+00
1.454544021429424674e+03 -1.000000000000000000e+00 -1.000000000000000000e+00
1.461459226456447823e+03 -1.000000000000000000e+00 -1.000000000000000000e+00
1.468407307807498682e+03 -1.000000000000000000e+00 -1.000000000000000000e+00
1.475388421783470903e+03 -1.000000000000000000e+00 -1.000000000000000000e+00
1.482402725428332587e+03 -1.000000000000000000e+00 -1.000000000000000000e+00
1.489450376532680593e+03 -1.000000000000000000e+00 -1.000000000000000000e+00
1.496531533637281882e+03 -1.000000000000000000e+00 -1.000000000000000000e+00
1.503646356036628958e+03 -1.000000000000000000e+00 -1.000000000000000000e+00
1.510795003782546473e+03 -1.000000000000000000e+00 -1.000000000000000000e+00
1.517977637687766219e+03 -1.000000000000000000e+00 -1.000000000000000000e+00
1.525194419329566699e+03 -1.000000000000000000e+00 -1.000000000000000000e+00
1.532445511053397922e+03 -1.000000000000000000e+00 -1.000000000000000000e+00
1.539731075976525290e+03 -1.000000000000000000e+00 -1.000000000000000000e+00
1.547051277991719417e+03 -1.000000000000000000e+00 -1.000000000000000000e+00
1.554406281770919350e+03 -1.000000000000000000e+00 -1.000000000000000000e+00
1.561796252768958084e+03 -1.000000000000000000e+00 -1.000000000000000000e+00
1.569221357227274666e+03 -1.000000000000000000e+00 -1.000000000000000000e+00
1.576681762177646078e+03 -1.000000000000000000e+00 -1.000000000000000000e+00
1.584177635445965279e+03 -1.000000000000000000e+00 -1.000000000000000000e+00
1.591709145655991506e+03 -1.000000000000000000e+00 -1.000000000000000000e+00
1.599276462233166967e+03 -1.000000000000000000e+00 -1.000000000000000000e+00
1.606879755408416486e+03 -1.000000000000000000e+00 -1.000000000000000000e+00
1.614519196221969196e+03 -1.000000000000000000e+00 -1.000000000000000000e+00
1.622194956527227760e+03 -1.000000000000000000e+00 -1.000000000000000000e+00
1.629907208994608709e+03 -1.000000000000000000e+00 -1.000000000000000000e+00
1.637656127115449863e+03 -1.000000000000000000e+00 -1.000000000000000000e+00
1.645441885205902963e+03 -1.000000000000000000e+00 -1.000000000000000000e+00
1.653264658410843595e+03 -1.000000000000000000e+00 -1.000000000000000000e+00
1.661124622707838398e+03 -1.000000000000000000e+00 -1.000000000000000000e+00
1.669021954911072044e+03 -1.000000000000000000e+00 -1.000000000000000000e+00
1.676956832675352871e+03 -1.000000000000000000e+00 -1.000000000000000000e+00
1.684929434500095567e+03 -1.000000000000000000e+00 -1.000000000000000000e+00
1.692939939733329311e+03 -1.000000000000000000e+00 -1.000000000000000000e+00
1.700988528575750252e+03 -1.000000000000000000e+00 -1.000000000000000000e+00
1.709075382084766716e+03 -1.000000000000000000e+00 -1.000000000000000000e+00
1.717200682178561237e+03 -1.000000000000000000e+00 -1.000000000000000000e+00
1.725364611640206931e+03 -1.000000000000000000e+00 -1.000000000000000000e+00
1.733567354121752260e+03 -1.000000000000000000e+00 -1.000000000000000000e+00
1.741809094148379017e+03 -1.000000000000000000e+00 -1.000000000000000000e+00
1.750090017122526888e+03 -1.000000000000000000e+00 -1.000000000000000000e+00
1.758410309328086669e+03 -1.000000000000000000e+00 -1.000000000000000000e+00
1.766770157934583267e+03 -1.000000000000000000e+00 -1.000000000000000000e+00
1.775169751001372333e+03 -1.000000000000000000e+00 -1.000000000000000000e+00
1.783609277481894424e+03 -1.000000000000000000e+00 -1.000000000000000000e+00
1.792088927227913473e+03 -1.000000000000000000e+00 -1.000000000000000000e+00
1.800608890993777777e+03 -1.000000000000000000e+00 -1.000000000000000000e+00
1.809169360440736227e+03 -1.000000000000000000e+00 -1.000000000000000000e+00
1.817770528141219984e+03 -1.000000000000000000e+00 -1.000000000000000000e+00
1.826412587583204640e+03 -1.000000000000000000e+00 -1.000000000000000000e+00
1.835095733174532825e+03 -1.000000000000000000e+00 -1.000000000000000000e+00
1.843820160247314561e+03 -1.000000000000000000e+00 -1.000000000000000000e+00
1.852586065062308080e+03 -1.000000000000000000e+00 -1.000000000000000000e+00
1.861393644813326091e+03 -1.000000000000000000e+00 -1.000000000000000000e+00
1.870243097631692308e+03 -1.000000000000000000e+00 -1.000000000000000000e+00
1.879134622590687968e+03 -1.000000000000000000e+00 -1.000000000000000000e+00
1.888068419710018816e+03 -1.000000000000000000e+00 -1.000000000000000000e+00
1.897044689960342112e+03 -1.000000000000000000e+00 -1.000000000000000000e+00
1.906063635267754307e+03 -1.000000000000000000e+00 -1.000000000000000000e+00
1.915125458518363303e+03 -1.000000000000000000e+00 -1.000000000000000000e+00
1.924230363562840012e+03 -1.000000000000000000e+00 -1.000000000000000000e+00
1.933378555220990847e+03 -1.000000000000000000e+00 -1.000000000000000000e+00
1.942570239286395918e+03 -1.000000000000000000e+00 -1.000000000000000000e+00
1.951805622531002655e+03 -1.000000000000000000e+00 -1.000000000000000000e+00
1.961084912709809714e+03 -1.000000000000000000e+00 -1.000000000000000000e+00
1.970408318565524269e+03 -1.000000000000000000e+00 -1.000000000000000000e+00
1.979776049833248862e+03 -1.000000000000000000e+00 -1.000000000000000000e+00
1.989188317245226017e+03 -1.000000000000000000e+00 -1.000000000000000000e+00
1.998645332535547595e+03 -1.000000000000000000e+00 -1.000000000000000000e+00
2.008147308444944656e+03 -1.000000000000000000e+00 -1.000000000000000000e+00
2.017694458725562754e+03 -1.000000000000000000e+00 -1.000000000000000000e+00
2.027286998145756570e+03 -1.000000000000000000e+00 -1.000000000000000000e+00
2.036925142494952297e+03 -1.000000000000000000e+00 -1.000000000000000000e+00
2.046609108588465006e+03 -1.000000000000000000e+00 -1.000000000000000000e+00
2.056339114272409461e+03 -1.000000000000000000e+00 -1.000000000000000000e+00
2.066115378428585700e+03 -1.000000000000000000e+00 -1.000000000000000000e+00
2.075938120979389623e+03 -1.000000000000000000e+00 -1.000000000000000000e+00
2.085807562892792703e+03 -1.000000000000000000e+00 -1.000000000000000000e+00
2.095723926187275993e+03 -1.000000000000000000e+00 -1.000000000000000000e+00
2.105687433936855086e+03 -1.000000000000000000e+00 -1.000000000000000000e+00
2.115698310276087341e+03 -1.000000000000000000e+00 -1.000000000000000000e+00
2.125756780405097743e+03 -1.000000000000000000e+00 -1.000000000000000000e+00
2.135863070594678902e+03 -1.000000000000000000e+00 -1.000000000000000000e+00
2.146017408191341929e+03 -1.000000000000000000e+00 -1.000000000000000000e+00
2.156220021622466447e+03 -1.000000000000000000e+00 -1.000000000000000000e+00
2.166471140401420598e+03 -1.000000000000000000e+00 -1.000000000000000000e+00
2.176770995132716507e+03 -1.000000000000000000e+00 -1.000000000000000000e+00
2.187119817517223510e+03 -1.000000000000000000e+00 -1.000000000000000000e+00
2.197517840357348177e+03 -1.000000000000000000e+00 -1.000000000000000000e+00
2.207965297562302112e+03 -1.000000000000000000e+00 -1.000000000000000000e+00
2.218462424153348820e+03 -1.000000000000000000e+00 -1.000000000000000000e+00
2.229009456269079692e+03 -1.000000000000000000e+00 -1.000000000000000000e+00
2.239606631170755008e+03 -1.000000000000000000e+00 -1.000000000000000000e+00
2.250254187247606751e+03 -1.000000000000000000e+00 -1.000000000000000000e+00
2.260952364022232814e+03 -1.000000000000000000e+00 -1.000000000000000000e+00
2.271701402155971209e+03 -1.000000000000000000e+00 -1.000000000000000000e+00
2.282501543454300190e+03 -1.000000000000000000e+00 -1.000000000000000000e+00
2.293353030872310228e+03 -1.000000000000000000e+00 -1.000000000000000000e+00
2.304256108520131420e+03 -1.000000000000000000e+00 -1.000000000000000000e+00
2.315211021668460489e+03 -1.000000000000000000e+00 -1.000000000000000000e+00
2.326218016754059136e+03 -1.000000000000000000e+00 -1.000000000000000000e+00
2.337277341385288310e+03 -1.000000000000000000e+00 -1.000000000000000000e+00
2.348389244347710246e+03 -1.000000000000000000e+00 -1.000000000000000000e+00
2.359553975609644567e+03 -1.000000000000000000e+00 -1.000000000000000000e+00
2.370771786327828522e+03 -1.000000000000000000e+00 -1.000000000000000000e+00
2.382042928853049034e+03 -1.000000000000000000e+00 -1.000000000000000000e+00
2.393367656735807941e+03 -1.000000000000000000e+00 -1.000000000000000000e+00
2.404746224732052724e+03 -1.000000000000000000e+00 -1.000000000000000000e+00
2.416178888808894953e+03 -1.000000000000000000e+00 -1.000000000000000000e+00
2.427665906150351020e+03 -1.000000000000000000e+00 -1.000000000000000000e+00
2.439207535163163811e+03 -1.000000000000000000e+00 -1.000000000000000000e+00
2.450804035482576182e+03 -1.000000000000000000e+00 -1.000000000000000000e+00
2.462455667978209931e+03 -1.000000000000000000e+00 -1.000000000000000000e+00
2.474162694759897022e+03 -1.000000000000000000e+00 -1.000000000000000000e+00
2.485925379183607220e+03 -1.000000000000000000e+00 -1.000000000000000000e+00
2.497743985857361167e+03 -1.000000000000000000e+00 -1.000000000000000000e+00
2.509618780647164840e+03 -1.000000000000000000e+00 -1.000000000000000000e+00
2.521550030683021305e+03 -1.000000000000000000e+00 -1.000000000000000000e+00
2.533538004364927019e+03 -1.000000000000000000e+00 -1.000000000000000000e+00
2.545582971368891322e+03 -1.000000000000000000e+00 -1.000000000000000000e+00
2.557685202653039596e+03 -1.000000000000000000e+00 -1.000000000000000000e+00
2.569844970463668687e+03 -1.000000000000000000e+00 -1.000000000000000000e+00
2.582062548341412366e+03 -1.000000000000000000e+00 -1.000000000000000000e+00
2.594338211127350860e+03 -1.000000000000000000e+00 -1.000000000000000000e+00
2.606672234969233159e+03 -1.000000000000000000e+00 -1.000000000000000000e+00
2.619064897327671588e+03 -1.000000000000000000e+00 -1.000000000000000000e+00
2.631516476982368658e+03 -1.000000000000000000e+00 -1.000000000000000000e+00
2.644027254038419414e+03 -1.000000000000000000e+00 -1.000000000000000000e+00
2.656597509932595585e+03 -1.000000000000000000e+00 -1.000000000000000000e+00
2.669227527439663845e+03 -1.000000000000000000e+00 -1.000000000000000000e+00
2.681917590678780471e+03 -1.000000000000000000e+00 -1.000000000000000000e+00
2.694667985119843706e+03 -1.000000000000000000e+00 -1.000000000000000000e+00
2.707478997589949813e+03 -1.000000000000000000e+00 -1.000000000000000000e+00
2.720350916279831381e+03 -1.000000000000000000e+00 -1.000000000000000000e+00
2.733284030750323382e+03 -1.000000000000000000e+00 -1.000000000000000000e+00
2.746278631938915623e+03 -1.000000000000000000e+00 -1.000000000000000000e+00
2.759335012166252454e+03 -1.000000000000000000e+00 -1.000000000000000000e+00
2.772453465142747973e+03 -1.000000000000000000e+00 -1.000000000000000000e+00
2.785634285975176681e+03 -1.000000000000000000e+00 -1.000000000000000000e+00
2.798877771173297333e+03 -1.000000000000000000e+00 -1.000000000000000000e+00
2.812184218656556823e+03 -1.000000000000000000e+00 -1.000000000000000000e+00
2.825553927760754050e+03 -1.000000000000000000e+00 -1.000000000000000000e+00
2.838987199244807016e+03 -1.000000000000000000e+00 -1.000000000000000000e+00
2.852484335297504913e+03 -1.000000000000000000e+00 -1.000000000000000000e+00
2.866045639544288861e+03 -1.000000000000000000e+00 -1.000000000000000000e+00
2.879671417054120866e+03 -1.000000000000000000e+00 -1.000000000000000000e+00
2.893361974346301849e+03 -1.000000000000000000e+00 -1.000000000000000000e+00
2.907117619397405178e+03 -1.000000000000000000e+00 -1.000000000000000000e+00
2.920938661648191101e+03 -1.000000000000000000e+00 -1.000000000000000000e+00
2.934825412010546643e+03 -1.000000000000000000e+00 -1.000000000000000000e+00
2.948778182874521917e+03 -1.000000000000000000e+00 -1.000000000000000000e+00
2.962797288115311858e+03 -1.000000000000000000e+00 -1.000000000000000000e+00
2.976883043100356645e+03 -1.000000000000000000e+00 -1.000000000000000000e+00
2.991035764696418028e+03 -1.000000000000000000e+00 -1.000000000000000000e+00
3.005255771276692940e+03 -1.000000000000000000e+00 -1.000000000000000000e+00
3.019543382728011693e+03 -1.000000000000000000e+00 -1.000000000000000000e+00
3.033898920457990698e+03 -1.000000000000000000e+00 -1.000000000000000000e+00
3.048322707402303422e+03 -1.000000000000000000e+00 -1.000000000000000000e+00
3.062815068031926330e+03 -1.000000000000000000e+00 -1.000000000000000000e+00
3.077376328360418483e+03 -1.000000000000000000e+00 -1.000000000000000000e+00
3.092006815951304361e+03 -1.000000000000000000e+00 -1.000000000000000000e+00
3.106706859925383469e+03 -1.000000000000000000e+00 -1.000000000000000000e+00
3.121476790968186378e+03 -1.000000000000000000e+00 -1.000000000000000000e+00
3.136316941337389835e+03 -1.000000000000000000e+00 -1.000000000000000000e+00
3.151227644870275071e+03 -1.000000000000000000e+00 -1.000000000000000000e+00
3.166209236991278885e+03 -1.000000000000000000e+00 -1.000000000000000000e+00
3.181262054719491971e+03 -1.000000000000000000e+00 -1.000000000000000000e+00
3.196386436676282301e+03 -1.000000000000000000e+00 -1.000000000000000000e+00
3.211582723092893957e+03 -1.000000000000000000e+00 -1.000000000000000000e+00
3.226851255818082336e+03 -1.000000000000000000e+00 -1.000000000000000000e+00
3.242192378325849404e+03 -1.000000000000000000e+00 -1.000000000000000000e+00
3.257606435723116192e+03 -1.000000000000000000e+00 -1.000000000000000000e+00
3.273093774757535812e+03 -1.000000000000000000e+00 -1.000000000000000000e+00
3.288654743825269634e+03 0.000000000000000000e+00 2.568258895242943173e-16
3.304289692978808944e+03 8.159133006408964501e-19 2.882735350601610500e-16
3.319998973934893456e+03 9.067899065027222881e-19 2.983539401750203162e-16
3.335782940082369350e+03 2.490506910343418214e-18 3.837770842650595900e-16
3.351641946490189639e+03 2.421210386080220876e-18 3.195214678282185419e-16
3.367576349915376341e+03 2.260535175474269336e-18 1.785695649367509470e-16
3.383586508811030399e+03 1.322568276849916763e-18 1.504312672827584594e-16
3.399672783334432552e+03 1.195504881362656857e-18 2.225408222231770362e-16
3.415835535355126467e+03 4.345299601540000194e-20 2.970434795260000252e-17
3.432075128463039619e+03 4.260531538830606865e-19 1.857069074724270719e-16
3.448391927976707848e+03 4.194761256149230612e-19 1.219050431904008318e-16
3.464786300951438989e+03 9.887869688350818501e-19 2.580944260769782116e-16
3.481258616187628377e+03 1.556890431865420701e-18 1.963655312378617626e-16
3.497809244238994779e+03 1.832785888703520169e-18 2.424886326603354580e-16
3.514438557420969573e+03 1.050931381634818088e-18 1.111964047365913258e-16
3.531146929819047273e+03 7.987914718610665483e-19 1.771468269374595744e-16
3.547934737297183347e+03 1.716101746507224332e-18 1.780614591345756934e-16
3.564802357506288899e+03 2.156245459254538130e-19 6.852559111658111991e-17
3.581750169892705799e+03 4.506812635525000078e-19 1.316072790936795099e-16
3.598778555706723182e+03 7.134514246198708900e-19 1.811924122048786071e-16
3.615887898011199013e+03 5.682763026286000408e-19 1.756619974321281225e-16
3.633078581690126157e+03 1.431650939258307816e-18 1.902192382877968569e-16
3.650350993457343520e+03 1.911176132597479503e-18 1.473222227852656765e-16
3.667705521865178980e+03 5.713563412081267298e-19 1.411751079340426856e-16
3.685142557313240104e+03 1.524171959907011681e-18 1.627920371262898730e-16
3.702662492057178497e+03 1.278196770165772762e-18 1.484477233349693983e-16
3.720265720217485068e+03 1.724206379397078531e-18 1.342075832881842420e-16
3.737952637788406719e+03 1.420956123644468905e-18 1.264728591972398240e-16
3.755723642646826647e+03 8.415652921816444861e-19 9.899646985191656020e-17
3.773579134561196952e+03 8.556550481685556276e-19 1.492370800585072431e-16
3.791519515200582646e+03 1.369340467081244045e-18 1.489022565052748237e-16
3.809545188143635642e+03 7.448218050890505768e-19 1.327717301996635252e-16
3.827656558887735173e+03 1.628712758948933813e-18 1.312551992525264489e-16
3.845854034858049999e+03 9.105258489253357747e-19 1.180049819802853305e-16
3.864138025416754317e+03 1.502921783564968678e-18 1.194031078599328111e-16
3.882508941872216383e+03 4.970540404969383525e-19 1.055172049551183476e-16
3.900967197488228067e+03 1.582982843784623810e-18 1.156620026603598660e-16
3.919513207493342634e+03 1.612699111470011016e-18 9.266524641522509536e-17
3.938147389090202068e+03 1.714172925207849886e-18 1.039634366090991252e-16
3.956870161464886223e+03 1.472502013806010558e-18 9.441401878906268464e-17
3.975681945796411583e+03 9.266158717165545450e-19 1.134052410484646477e-16
3.994583165266129981e+03 1.077243418927021113e-18 1.195913777249834607e-16
4.013574245067319225e+03 2.576596045132609644e-18 1.217710444206791770e-16
4.032655612414684128e+03 1.264414392669166654e-18 1.185238348742929695e-16
4.051827696554018530e+03 1.305911633364645804e-18 1.176818746548836376e-16
4.071090928771840936e+03 1.648577826183505556e-18 1.141589390426560648e-16
4.090445742405073815e+03 1.793966066057010368e-18 1.027143755115792777e-16
4.109892572850832948e+03 1.592846534292622232e-18 1.008853670351764634e-16
4.129431857576209040e+03 1.667638253763061324e-18 9.724778524047361655e-17
4.149064036128072075e+03 1.481575206933949470e-18 9.847125569103040292e-17
4.168789550143025735e+03 1.272646264047313186e-18 9.730023081859238879e-17
4.188608843357272235e+03 1.628140197843100796e-18 9.908395281578579352e-17
4.208522361616649505e+03 1.531264662735500196e-18 9.991079970925398271e-17
4.228530552886646547e+03 1.989902486494059615e-18 1.011062735619485621e-16
4.248633867262442436e+03 1.852909110180989774e-18 9.869392419193528988e-17
4.268832756979097212e+03 1.833386640062672659e-18 9.510920195217089937e-17
4.289127676421659089e+03 1.962811820262255123e-18 9.381623172345936606e-17
4.309519082135439930e+03 1.407717167818845262e-18 8.971330123836881744e-17
4.330007432836264343e+03 1.637271200247504440e-18 8.347440879090570285e-17
4.350593189420763338e+03 1.344353470976971175e-18 8.158624080990963408e-17
4.371276814976797141e+03 1.071521741107769222e-18 7.767489652438228433e-17
4.392058774793810699e+03 1.500687780928172946e-18 7.960679275166215849e-17
4.412939536373356532e+03 1.022470346541742858e-18 8.281878556796563216e-17
4.433919569439587576e+03 2.365227871669434272e-18 8.462880472578457822e-17
4.454999345949795497e+03 1.019729766811622531e-18 8.538832072702725098e-17
4.476179340105090887e+03 1.518463003580405848e-18 8.730336255688831681e-17
4.497460028361001605e+03 1.274988363710420387e-18 8.858202679418613717e-17
4.518841889438248472e+03 1.661131982105794638e-18 8.961940563344986964e-17
4.540325404333490951e+03 1.463489828265620171e-18 9.700121151435737423e-17
4.561911056330120118e+03 2.955716418327431308e-18 8.657630475650708033e-17
4.583599331009193520e+03 1.703278758591128585e-18 7.792584954423404554e-17
4.605390716260285444e+03 1.508086547503394816e-18 7.480871155435157175e-17
4.627285702292524547e+03 1.539776701839727492e-18 7.144359601474628456e-17
4.649284781645598741e+03 2.037426874119545539e-18 7.020268184746258862e-17
4.671388449200801006e+03 2.052594179006306331e-18 7.062282739912012032e-17
4.693597202192232544e+03 1.888537037949910724e-18 7.121664521124471241e-17
4.715911540217912261e+03 1.499564115520357384e-18 7.210394483616042628e-17
4.738331965251077236e+03 1.453732520568495524e-18 7.244327312290494775e-17
4.760858981651452268e+03 1.923197039383982211e-18 7.267651003136368412e-17
4.783493096176563085e+03 1.498776569225377460e-18 7.277653039957384286e-17
4.806234817993196884e+03 1.555342903551052636e-18 8.264633359861054566e-17
4.829084658688823765e+03 2.090870772385478762e-18 8.277213711955449489e-17
4.852043132283080013e+03 2.087449893273303698e-18 7.098435978771481929e-17
4.875110755239395075e+03 1.706713329032327750e-18 6.677102637030227256e-17
4.898288046476534873e+03 1.642591740851982418e-18 6.182845887339163072e-17
4.921575527380353378e+03 1.544997934910683494e-18 6.040387691527206162e-17
4.944973721815440513e+03 1.877708266454576381e-18 5.924918432794744249e-17
4.968483156136977414e+03 1.429421506498221078e-18 5.790329402842877721e-17
4.992104359202549858e+03 1.338932624306395126e-18 5.876779162298742076e-17
5.015837862384007167e+03 1.843596229255210238e-18 6.119798768301176692e-17
5.039684199579487540e+03 1.528890394821458449e-18 6.345692138339329697e-17
5.063643907225387011e+03 1.831786917221916619e-18 6.027821149517791209e-17
5.087717524308403881e+03 1.907854403902479405e-18 6.049368938277536973e-17
5.111905592377734138e+03 1.824849028656694020e-18 6.047693038864028424e-17
5.136208655557164093e+03 1.391769154699245897e-18 7.530501821844858079e-17
5.160627260557404952e+03 1.493332527370122008e-18 6.616535668387175624e-17
5.185161956688301871e+03 1.959811690199048046e-18 6.408210793135430821e-17
5.209813295871262198e+03 1.469292736013710149e-18 5.637946211655326622e-17
5.234581832651644618e+03 1.547645846280607487e-18 5.434892995321990095e-17
5.259468124211199211e+03 1.788976329337920153e-18 5.108388280168336094e-17
5.284472730380667599e+03 1.957742180113506020e-18 4.084543819319439597e-17
5.309596213652340339e+03 -1.000000000000000000e+00 -1.000000000000000000e+00
5.334839139192684343e+03 -1.000000000000000000e+00 -1.000000000000000000e+00
5.360202074855125829e+03 -1.000000000000000000e+00 -1.000000000000000000e+00
5.385685591192744141e+03 -1.000000000000000000e+00 -1.000000000000000000e+00
5.411290261471187478e+03 -1.000000000000000000e+00 -1.000000000000000000e+00
5.437016661681485857e+03 -1.000000000000000000e+00 -1.000000000000000000e+00
5.462865370553082357e+03 -1.000000000000000000e+00 -1.000000000000000000e+00
5.488836969566823427e+03 -1.000000000000000000e+00 -1.000000000000000000e+00
5.514932042967998314e+03 -1.000000000000000000e+00 -1.000000000000000000e+00
5.541151177779557656e+03 -1.000000000000000000e+00 -1.000000000000000000e+00
5.567494963815280244e+03 -1.000000000000000000e+00 -1.000000000000000000e+00
5.593963993693007069e+03 -1.000000000000000000e+00 -1.000000000000000000e+00
5.620558862848053650e+03 -1.000000000000000000e+00 -1.000000000000000000e+00
5.647280169546515026e+03 -1.000000000000000000e+00 -1.000000000000000000e+00
5.674128514898810863e+03 3.307906210960000232e-18 1.721359960139239854e-17
5.701104502873122328e+03 2.921317103240814530e-18 8.329061094967671590e-17
5.728208740309051791e+03 1.242856299181279422e-18 1.156777615284614871e-16
5.755441836931246144e+03 1.361314749191021940e-18 1.077776794247040147e-16
5.782804405363072874e+03 1.895499633011594351e-18 8.881374349367235585e-17
5.810297061140477126e+03 2.737877577803847791e-18 7.697264028823908999e-17
5.837920422725786921e+03 3.000572761831956640e-18 7.291843459333906801e-17
5.865675111521594772e+03 2.881814849262429016e-18 8.457784420491603413e-17
5.893561751884816658e+03 1.665196241515071718e-18 8.450037873900432502e-17
5.921580971140646398e+03 1.925346672314290741e-18 8.255755991574855831e-17
5.949733399596757408e+03 2.182320399676174054e-18 9.488093489230091755e-17
5.978019670557388963e+03 2.764257010171972139e-18 7.806994450970533563e-17
6.006440420337679825e+03 3.370422696350908992e-18 6.986520142291680966e-17
6.034996288277939129e+03 3.278891917661817943e-18 6.460037424716268544e-17
6.063687916758000028e+03 2.703417668633263560e-18 6.245109535462213682e-17
6.092515951211737047e+03 2.719773151849241239e-18 6.491451823099682760e-17
6.121481040141554331e+03 2.895573518223561724e-18 6.676154026584328314e-17
6.150583835132932109e+03 2.277404954497123421e-18 7.336357747438941594e-17
6.179824990869174144e+03 2.821322000848503305e-18 7.643627472749346884e-17
6.209205165146034233e+03 3.594882750331291899e-18 6.671388846553840263e-17
6.238725018886603721e+03 2.330926554386986492e-18 6.080533827366332473e-17
6.268385216156138995e+03 3.019872148371140944e-18 5.599496564893754488e-17
6.298186424176960827e+03 2.449809658718791635e-18 7.269108430463091364e-17
6.328129313343556532e+03 2.659496009479734962e-18 6.355531076907667822e-17
6.358214557237558438e+03 2.090741707662132590e-18 8.337517561605477769e-17
6.388442832642982466e+03 3.126229222896315810e-18 6.510832813070814051e-17
6.418814819561416698e+03 3.318107524052302639e-18 6.830029916685008016e-17
6.449331201227280872e+03 3.352843859021948177e-18 6.063576534269279667e-17
6.479992664123285067e+03 3.099134459427532074e-18 5.438330601055703534e-17
6.510799897995768333e+03 2.768082687060584258e-18 5.171906373775312055e-17
6.541753595870306526e+03 2.841119828293205538e-18 5.346613525287223739e-17
6.572854454067261941e+03 2.890090705889679246e-18 5.365955489753040686e-17
6.604103172217414794e+03 2.426562555220088940e-18 5.688556907580450401e-17
6.635500453277782071e+03 2.696668349468797506e-18 5.132512951338902024e-17
6.667047003547335407e+03 2.944181562069620087e-18 6.274227614961997098e-17
6.698743532682974546e+03 3.108552696045849259e-18 5.584605188521384432e-17
6.730590753715463507e+03 2.847231309416937430e-18 4.990173192328989581e-17
6.762589383065413131e+03 2.725204296625962954e-18 4.674852355773951282e-17
6.794740140559511929e+03 2.611847850291913646e-18 4.545538816140980870e-17
6.827043749446587753e+03 2.650116511384505757e-18 5.197565779312057319e-17
6.859500936413994168e+03 2.954913223778650671e-18 5.169642886503138560e-17
6.892112431603904042e+03 2.586481661982134332e-18 5.292365875489473354e-17
6.924878968629698647e+03 3.069546108481585575e-18 5.046871961210097021e-17
6.957801284592562297e+03 3.177069143568494258e-18 5.915177478736766875e-17
6.990880120097957843e+03 3.116924012417228191e-18 4.911998764395700765e-17
7.024116219272383205e+03 2.930379148222755616e-18 4.435674658094845054e-17
7.057510329780066968e+03 3.010429017973214155e-18 4.182144394110377892e-17
7.091063202839749465e+03 3.297245172770773459e-18 4.019876079339997399e-17
7.124775593241660317e+03 2.882674156703705599e-18 4.129590910610728545e-17
7.158648259364461410e+03 2.906038737695529155e-18 4.283475323280018334e-17
7.192681963192260810e+03 3.287160224231871508e-18 4.508071900164445065e-17
7.226877470331854965e+03 2.729077421733158153e-18 5.208765629576337646e-17
7.261235550029838123e+03 2.942650803959883884e-18 6.212127117839508780e-17
7.295756975190018238e+03 3.119847613399768234e-18 5.496930740845394084e-17
7.330442522390694648e+03 3.077921405999485439e-18 5.015157385506638625e-17
7.365292971902219506e+03 2.715596183540913818e-18 4.523046956953863273e-17
7.400309107704518283e+03 2.987116566925000252e-18 4.202236156123289514e-17
7.435491717504673943e+03 3.196415271541477569e-18 4.154641075275014171e-17
7.470841592754737576e+03 3.055857052591572995e-18 4.625622457837868967e-17
7.506359528669483552e+03 3.087679877887583887e-18 5.146879935750055840e-17
7.542046324244267453e+03 3.012666615845333984e-18 4.567088230481160334e-17
7.577902782273087723e+03 2.438659508405423594e-18 3.808164670586180017e-17
7.613929709366530915e+03 2.758405552192707950e-18 3.694119699596186902e-17
7.650127915970047070e+03 3.257815467003977737e-18 3.836080387926754211e-17
7.686498216382045030e+03 2.904254513920983608e-18 5.065699023929724513e-17
7.723041428772323343e+03 2.614330072870162935e-18 4.772427371796718405e-17
7.759758375200432965e+03 2.623525337010869375e-18 4.858069647367380267e-17
7.796649881634122721e+03 2.962768003977135433e-18 4.664070844719470631e-17
7.833716777968003043e+03 2.733854947748931046e-18 5.567758353238554875e-17
7.870959898042184250e+03 2.676988463294973380e-18 5.455824559772009378e-17
7.908380079660973934e+03 2.752752195395904321e-18 5.660525394677668221e-17
7.945978164611841748e+03 3.160619883582804033e-18 5.339197367574461463e-17
7.983754998684224120e+03 2.719703380647142400e-18 5.484672239846594563e-17
8.021711431688682751e+03 2.768392470670836444e-18 4.745518860246354389e-17
8.059848317475888507e+03 2.998933166578593894e-18 4.048766569580454403e-17
8.098166513955948176e+03 3.165380058974583631e-18 3.580514568350710946e-17
8.136666883117648467e+03 3.346407779206736308e-18 3.407562560316158987e-17
8.175350291047803694e+03 3.225567090810256520e-18 3.364549751365391180e-17
8.214217607950831734e+03 3.425702957085436237e-18 3.503743857566507146e-17
8.253269708168287252e+03 2.501429032084903309e-18 5.223640206712182883e-17
8.292507470198474039e+03 2.701244239291065963e-18 5.177925936377262147e-17
8.331931776716324748e+03 2.810634658333283018e-18 4.697095343143013114e-17
8.371543514593129657e+03 2.530254664137538397e-18 5.373771624100439456e-17
8.411343574916614671e+03 2.467908004509100164e-18 5.479383223781559383e-17
8.451332853010855615e+03 2.611263684258756231e-18 4.891865729823335123e-17
8.491512248456532689e+03 2.606473062690990345e-18 4.271890172672353609e-17
8.531882665111128517e+03 2.704841867371872411e-18 3.593751397357064607e-17
8.572445011129188060e+03 2.559421893839705122e-18 3.335065335552714755e-17
8.613200198982875008e+03 1.955681468595902364e-18 4.163050219809960358e-17
8.654149145482428139e+03 2.239171151737766724e-18 4.182436896783851258e-17
8.695292771796750458e+03 2.660841469632560532e-18 3.710697902383362735e-17
8.736632003474231169e+03 2.133746145989999867e-18 5.768088264666436264e-17
8.778167770463445777e+03 2.485302562399138837e-18 4.053544566145305472e-17
8.819901007134192696e+03 2.403827033490430467e-18 5.496689288342633722e-17
8.861832652298457106e+03 2.441887439976208142e-18 5.224591212574405597e-17
8.903963649231474847e+03 2.579651449774717240e-18 5.226133693669099093e-17
8.946294945693087357e+03 2.712699203942499914e-18 3.863532273505200460e-17
8.988827493948907431e+03 2.741419213595841608e-18 4.136532102327404707e-17
9.031562250791870611e+03 2.879210311795348581e-18 3.719600874431630327e-17
9.074500177563704710e+03 2.891956754330418453e-18 3.373970812570406234e-17
9.117642240176504856e+03 2.954846529472857123e-18 3.298531362833862974e-17
9.160989409134583184e+03 2.859804323103441024e-18 3.554708866570758672e-17
9.204542659556162107e+03 3.093623586638310547e-18 3.997568897801109681e-17
9.248302971195427745e+03 2.759325120988675315e-18 3.615229634174781327e-17
9.292271328464526960e+03 2.382824880568363570e-18 6.129718284019247596e-17
9.336448720455649891e+03 2.435190876378666144e-18 6.343143839253633565e-17
9.380836140963412618e+03 2.345218334569641134e-18 5.717665572303476197e-17
9.425434588507056105e+03 2.935787942462946809e-18 5.945615469739390424e-17
9.470245066353052607e+03 3.008738202677511025e-18 5.854540738325371199e-17
9.515268582537613838e+03 2.678223420660486458e-18 5.395391765022946039e-17
9.560506149889302833e+03 3.004391148798990839e-18 4.853933300384141011e-17
9.605958786051958668e+03 2.745173754241272087e-18 4.791987303993371019e-17
9.651627513507435651e+03 2.453328008185720417e-18 6.006273685401840422e-17
9.697513359598737225e+03 2.635243212312423821e-18 7.218817818532194098e-17
9.743617356553064383e+03 2.780186255328225607e-18 5.560758432391799882e-17
9.789940541504993234e+03 3.692180352724117674e-18 4.931176405139427761e-17
9.836483956519919957e+03 -1.000000000000000000e+00 -1.000000000000000000e+00
9.883248648617365689e+03 -1.000000000000000000e+00 -1.000000000000000000e+00
9.930235669794657952e+03 -1.000000000000000000e+00 -1.000000000000000000e+00
9.977446077050535678e+03 -1.000000000000000000e+00 -1.000000000000000000e+00
1.002488093240887429e+04 -1.000000000000000000e+00 -1.000000000000000000e+00
1.007254130294269999e+04 2.788694738842058904e-18 1.349441064135188157e-16
1.012042826079808401e+04 2.647429528769500017e-18 2.013242708359158970e-16
1.016854288321830427e+04 2.708210561854875010e-18 1.983854283824581079e-16
1.021688625256812156e+04 2.413810099207407388e-18 1.039087254787101494e-16
1.026545945635800672e+04 2.864767189580609560e-18 1.205778643323517330e-16
1.031426358726875696e+04 3.338673440410740707e-18 8.382051130667585315e-17
1.036329974317596316e+04 2.649230465706585444e-18 8.547784143388210119e-17
1.041256902717473713e+04 2.599829198092650641e-18 7.210658064330063781e-17
1.046207254760458272e+04 2.818425065254217483e-18 5.532266482634039996e-17
1.051181141807420499e+04 2.595151937383494078e-18 4.513251932297263457e-17
1.056178675748671412e+04 2.652592928710356879e-18 4.388685103169932576e-17
1.061199969006466745e+04 2.614573252558214573e-18 4.454401470439237476e-17
1.066245134537541708e+04 2.964818200787737648e-18 5.265533978076167183e-17
1.071314285835655573e+04 2.875917759061293203e-18 8.644546574741773529e-17
1.076407536934132986e+04 2.876151830320588064e-18 5.113179360574482317e-17
1.081525002408444197e+04 3.457243314495814745e-18 9.076124746014880978e-17
1.086666797378770571e+04 3.242732905338021575e-18 4.672771526726531221e-17
1.091833037512599367e+04 2.999747294178045293e-18 6.723119794902627461e-17
1.097023839027329086e+04 2.770769733828737069e-18 7.056879426379273847e-17
1.102239318692872257e+04 2.838968243240229880e-18 6.077464671983348912e-17
1.107479593834297702e+04 3.299999510916022646e-18 5.103155692393471572e-17
1.112744782334457705e+04 3.232992947245681547e-18 4.352854607205459186e-17
1.118035002636643912e+04 2.935590811841818026e-18 4.635697114482646921e-17
1.123350373747256890e+04 2.674523282798988812e-18 3.759926058300590883e-17
1.128691015238469845e+04 2.987479914819555412e-18 6.400836407185098708e-17
1.134057047250935648e+04 2.958534656108444315e-18 4.978642921268220488e-17
1.139448590496476027e+04 3.148624751679662629e-18 6.063846260635818732e-17
1.144865766260801502e+04 3.085095163095714484e-18 4.973912778531988863e-17
1.150308696406245326e+04 3.185067737655714325e-18 6.371131812570375090e-17
1.155777503374490880e+04 3.115266386028352054e-18 7.401103024392131938e-17
1.161272310189343443e+04 2.968588412823626907e-18 5.887835215993707241e-17
1.166793240459484514e+04 2.716900919032150285e-18 6.001301498756866137e-17
1.172340418381256313e+04 2.999499194638388096e-18 3.814604478054160002e-17
1.177913968741461395e+04 2.922350931781290303e-18 3.684988619013206944e-17
1.183514016920156791e+04 2.557618230469680728e-18 3.350021538650600613e-17
1.189140688893490187e+04 2.673538457817021402e-18 3.000311757131522001e-17
1.194794111236521712e+04 2.441933397893895332e-18 5.165267302904147230e-17
1.200474411126075574e+04 2.760735203958315847e-18 6.546942283845222931e-17
1.206181716343605694e+04 2.476265000023261972e-18 3.541631251544223198e-17
1.211916155278057522e+04 2.659794963576874550e-18 9.179851759849360149e-17
1.217677856928772417e+04 3.066490913582291935e-18 7.213963703179171675e-17
1.223466950908376748e+04 2.669525706296391788e-18 7.802534531405561666e-17
1.229283567445702283e+04 2.651792887292783501e-18 6.353211292484050624e-17
1.235127837388720764e+04 2.719181925721939217e-18 3.480045401479905210e-17
1.240999892207473749e+04 2.770787732664948905e-18 3.880147060612898368e-17
1.246899863997047214e+04 2.744390017840000086e-18 3.852582335785987629e-17
1.252827885480529767e+04 2.888927405296566309e-18 3.560570172648735543e-17
1.258784090012003435e+04 3.301264477634699319e-18 5.473798922427541123e-17
1.264768611579548087e+04 3.193908608764999359e-18 9.332889440597624488e-17
1.270781584808242042e+04 3.083426672658020476e-18 7.408438926866924021e-17
1.276823144963208142e+04 3.211454650259010542e-18 8.921921104419647436e-17
1.282893427952642742e+04 3.077075667327059234e-18 6.012578282461828190e-17
1.288992570330878152e+04 2.830446004930098177e-18 8.590281434572636939e-17
1.295120709301459283e+04 2.703323290993137591e-18 3.662140198458736552e-17
1.301277982720216278e+04 2.412035423420969359e-18 6.350753523669541768e-17
1.307464529098383537e+04 3.211201090757857230e-18 6.250145854709844349e-17
1.313680487605702183e+04 -1.000000000000000000e+00 -1.000000000000000000e+00
1.319925998073554183e+04 -1.000000000000000000e+00 -1.000000000000000000e+00
1.326201200998113563e+04 -1.000000000000000000e+00 -1.000000000000000000e+00
1.332506237543498901e+04 -1.000000000000000000e+00 -1.000000000000000000e+00
1.338841249544952552e+04 -1.000000000000000000e+00 -1.000000000000000000e+00
1.345206379512032436e+04 -1.000000000000000000e+00 -1.000000000000000000e+00
1.351601770631813997e+04 -1.000000000000000000e+00 -1.000000000000000000e+00
1.358027566772118189e+04 -1.000000000000000000e+00 -1.000000000000000000e+00
1.364483912484740722e+04 -1.000000000000000000e+00 -1.000000000000000000e+00
1.370970953008706056e+04 -1.000000000000000000e+00 -1.000000000000000000e+00
1.377488834273536850e+04 -1.000000000000000000e+00 -1.000000000000000000e+00
1.384037702902532328e+04 -1.000000000000000000e+00 -1.000000000000000000e+00
1.390617706216074839e+04 -1.000000000000000000e+00 -1.000000000000000000e+00
1.397228992234933321e+04 -1.000000000000000000e+00 -1.000000000000000000e+00
1.403871709683600056e+04 -1.000000000000000000e+00 -1.000000000000000000e+00
1.410546007993634521e+04 -1.000000000000000000e+00 -1.000000000000000000e+00
1.417252037307023784e+04 -1.000000000000000000e+00 -1.000000000000000000e+00
1.423989948479564737e+04 -1.000000000000000000e+00 -1.000000000000000000e+00
1.430759893084250325e+04 -1.000000000000000000e+00 -1.000000000000000000e+00
1.437562023414683244e+04 3.683455921380822176e-18 1.616160310665336773e-17
1.444396492488506738e+04 3.484157870982857450e-18 2.218605948501248085e-17
1.451263454050832661e+04 3.479571502392616286e-18 2.262243455055590140e-17
1.458163062577718301e+04 3.618673904336869719e-18 2.527647421666091250e-17
1.465095473279626640e+04 3.275130812824782360e-18 5.891458521137975892e-17
1.472060842104924268e+04 3.614779343607043844e-18 5.256023802156456220e-17
1.479059325743394038e+04 3.408710385151667210e-18 4.534887156553973952e-17
1.486091081629744076e+04 3.314827624375999536e-18 5.319682421334571018e-17
1.493156267947170636e+04 3.360546420593189614e-18 2.079888345289708058e-17
1.500255043630899854e+04 3.981743465432307450e-18 6.836997680633196944e-17
1.507387568371768975e+04 3.446751285652521562e-18 3.876243884292510164e-17
1.514554002619824678e+04 3.573435689992654858e-18 2.600279452675918690e-17
1.521754507587915577e+04 3.424713093473966549e-18 2.619709393146814996e-17
1.528989245255341484e+04 3.533266794222844356e-18 2.161407442658429986e-17
1.536258378371478466e+04 3.772237420613130746e-18 4.118516588166996429e-17
1.543562070459447023e+04 3.947488131714917114e-18 3.768636068591468448e-17
1.550900485819797359e+04 4.164099619407166122e-18 7.147695117760982065e-17
1.558273789534186835e+04 3.873597391483965321e-18 3.034155598423391407e-17
1.565682147469117444e+04 4.044890179807841214e-18 4.036012336750381750e-17
1.573125726279648188e+04 4.213630241022500130e-18 3.788006347508153654e-17
1.580604693413150926e+04 4.413835649469268990e-18 6.273006795632815078e-17
1.588119217113083505e+04 4.305355096476854241e-18 2.562636374084921796e-17
1.595669466422757250e+04 4.409021217814754928e-18 6.554641909719805087e-17
1.603255611189161573e+04 4.512134196585846665e-18 1.819723779309140234e-17
1.610877822066767112e+04 4.275107123441220355e-18 2.820500049849154185e-17
1.618536270521371989e+04 4.440125581961280490e-18 3.767996791256963993e-17
1.626231128833965158e+04 4.739298509590542409e-18 4.384042475803337699e-17
1.633962570104582301e+04 4.414604102201708853e-18 6.291159058936656645e-17
1.641730768256225565e+04 4.371723292428560447e-18 4.517486102306951345e-17
1.649535898038756932e+04 4.455151545012678831e-18 2.067914660115259170e-17
1.657378135032833961e+04 4.424852775451363548e-18 1.997057993062091715e-17
1.665257655653869733e+04 4.440165307959160781e-18 4.180798662510491415e-17
1.673174637155979144e+04 4.485542228671135830e-18 2.317847646287935535e-17
1.681129257635994145e+04 4.202686615851679235e-18 3.377521594933397573e-17
1.689121696037448055e+04 4.074561645490639214e-18 3.962261255520120265e-17
1.697152132154608626e+04 4.239671057245646948e-18 1.676993003735012296e-17
1.705220746636530021e+04 4.336461674152750164e-18 4.922789557714003442e-17
1.713327720991098977e+04 4.203954744303432285e-18 3.451001069290571075e-17
1.721473237589139171e+04 4.079329989107132367e-18 4.846447807578107356e-17
1.729657479668495580e+04 4.098150256718560682e-18 3.771167409749478287e-17
1.737880631338165767e+04 4.362569675545704557e-18 5.163203804838660239e-17
1.746142877582446090e+04 4.260845710455434440e-18 3.476190861103448929e-17
1.754444404265073899e+04 4.272442892147840962e-18 1.307018186055640227e-17
1.762785398133434865e+04 4.582935604812000412e-18 3.677723369324380785e-17
1.771166046822742283e+04 4.344022845956499925e-18 1.674543532053880394e-17
1.779586538860266955e+04 4.121793814854452374e-18 3.912101869967033197e-17
1.788047063669585259e+04 4.543233891706128061e-18 7.313346599402009033e-18
1.796547811574818479e+04 -1.000000000000000000e+00 -1.000000000000000000e+00
1.805088973804943453e+04 -1.000000000000000000e+00 -1.000000000000000000e+00
1.813670742498069740e+04 -1.000000000000000000e+00 -1.000000000000000000e+00
1.822293310705772456e+04 -1.000000000000000000e+00 -1.000000000000000000e+00
1.830956872397442203e+04 -1.000000000000000000e+00 -1.000000000000000000e+00
1.839661622464625907e+04 -1.000000000000000000e+00 -1.000000000000000000e+00
1.848407756725440049e+04 -1.000000000000000000e+00 -1.000000000000000000e+00
1.857195471928951883e+04 -1.000000000000000000e+00 -1.000000000000000000e+00
1.866024965759617407e+04 -1.000000000000000000e+00 -1.000000000000000000e+00
1.874896436841730247e+04 -1.000000000000000000e+00 -1.000000000000000000e+00
1.883810084743873813e+04 -1.000000000000000000e+00 -1.000000000000000000e+00
1.892766109983434580e+04 -1.000000000000000000e+00 -1.000000000000000000e+00
1.901764714031094263e+04 -1.000000000000000000e+00 -1.000000000000000000e+00
1.910806099315365282e+04 -1.000000000000000000e+00 -1.000000000000000000e+00
1.919890469227156427e+04 -1.000000000000000000e+00 -1.000000000000000000e+00
1.929018028124331249e+04 -1.000000000000000000e+00 -1.000000000000000000e+00
1.938188981336315192e+04 5.271778563169432554e-18 1.139862968242139015e-17
1.947403535168713279e+04 6.223468787157807175e-18 2.017676355991470729e-17
1.956661896907948540e+04 5.173598668898322934e-18 2.284465432220972904e-17
1.965964274825931716e+04 5.971596071768140310e-18 2.687998915990023449e-17
1.975310878184735702e+04 6.020893030058543710e-18 4.281893954327750806e-17
1.984701917241312185e+04 6.143401787854330533e-18 1.504863983472290206e-17
1.994137603252216650e+04 6.533981144650319675e-18 2.285736438800436283e-17
2.003618148478360672e+04 6.392558067351887785e-18 1.514169703810289694e-17
2.013143766189795133e+04 7.220068496432767691e-18 1.632055502807236224e-17
2.022714670670493797e+04 6.786753134633652511e-18 1.542931613821014381e-17
2.032331077223184548e+04 7.226766778113312076e-18 2.039562867935324169e-17
2.041993202174187536e+04 7.920196695969249604e-18 2.090008459554818337e-17
2.051701262878283160e+04 7.575663537398617249e-18 4.521386828360953126e-17
2.061455477723605509e+04 7.573345199422943654e-18 1.755266786861459767e-17
2.071256066136547815e+04 8.019588760037178591e-18 4.733144050064538084e-17
2.081103248586701739e+04 7.706983159201696875e-18 3.402088924038370544e-17
2.090997246591818475e+04 8.344904534892950548e-18 1.588619293238985626e-17
2.100938282722788790e+04 8.002016247187406985e-18 2.747903236775963211e-17
2.110926580608657605e+04 8.202752834223952061e-18 3.136057986478993714e-17
2.120962364941642591e+04 8.140342013886706049e-18 2.976606098510678339e-17
2.131045861482194596e+04 8.029997731090893524e-18 2.111054524908574269e-17
2.141177297064086451e+04 8.001275211372422065e-18 2.390869150743736833e-17
2.151356899599489770e+04 7.584874890289824671e-18 2.693797095375951266e-17
2.161584898084133965e+04 7.786965944129063406e-18 2.257091804045501619e-17
2.171861522602431432e+04 7.592595262531735292e-18 2.147876087780528462e-17
2.182187004332666038e+04 7.433865992201975729e-18 2.601996438029972364e-17
2.192561575552199429e+04 7.131940607112865718e-18 2.374531633389677751e-17
2.202985469642671160e+04 7.136342099432657492e-18 3.983124967569734804e-17
2.213458921095283222e+04 6.544393196417884339e-18 2.501621977543897867e-17
2.223982165516047826e+04 7.265198327592871850e-18 3.931336608245413029e-17
2.234555439631097397e+04 6.726529132298203119e-18 2.969030494031015139e-17
2.245178981292017488e+04 5.681164710382541874e-18 3.836262981053475615e-17
2.255853029481176418e+04 5.329515181958101371e-18 3.506174010154028152e-17
2.266577824317127306e+04 5.451274235102499975e-18 3.950341113456032916e-17
2.277353607059990100e+04 5.665163074370056033e-18 3.165601314194636781e-17
2.288180620116884165e+04 6.051263647601439396e-18 3.432982066965144685e-17
2.299059107047392536e+04 5.862818789178031725e-18 3.506089292166274708e-17
2.309989312569014146e+04 5.635572326031858831e-18 3.764337722516722903e-17
2.320971482562704114e+04 5.469110441138250619e-18 3.805864934341163566e-17
2.332005864078375453e+04 6.068291952834378139e-18 4.320992338079962283e-17
2.343092705340468819e+04 6.081311672744892680e-18 4.783213341345127026e-17
2.354232255753544814e+04 5.836164893364354279e-18 5.146173901167502626e-17
2.365424765907868277e+04 5.141396357669201505e-18 5.620826223700216572e-17
2.376670487585079900e+04 4.406645164161701407e-18 6.004760641117936656e-17
2.387969673763832179e+04 4.331245244309841111e-18 6.859849077471001868e-17
2.399322578625490860e+04 2.891920242640909334e-19 1.672308246173002181e-17
2.410729457559863658e+04 -1.000000000000000000e+00 -1.000000000000000000e+00
2.422190567170915529e+04 -1.000000000000000000e+00 -1.000000000000000000e+00
2.433706165282579241e+04 -1.000000000000000000e+00 -1.000000000000000000e+00
2.445276510944525216e+04 -1.000000000000000000e+00 -1.000000000000000000e+00
2.456901864438000121e+04 -1.000000000000000000e+00 -1.000000000000000000e+00
2.468582487281691647e+04 -1.000000000000000000e+00 -1.000000000000000000e+00
2.480318642237584936e+04 -1.000000000000000000e+00 -1.000000000000000000e+00
2.492110593316907762e+04 -1.000000000000000000e+00 -1.000000000000000000e+00
2.503958605786040425e+04 -1.000000000000000000e+00 -1.000000000000000000e+00
2.515862946172496959e+04 -1.000000000000000000e+00 -1.000000000000000000e+00
2.527823882270928516e+04 -1.000000000000000000e+00 -1.000000000000000000e+00
2.539841683149118762e+04 -1.000000000000000000e+00 -1.000000000000000000e+00
2.551916619154074942e+04 -1.000000000000000000e+00 -1.000000000000000000e+00
2.564048961918078203e+04 -1.000000000000000000e+00 -1.000000000000000000e+00
2.576238984364808130e+04 -1.000000000000000000e+00 -1.000000000000000000e+00
2.588486960715489113e+04 -1.000000000000000000e+00 -1.000000000000000000e+00
2.600793166495033074e+04 -1.000000000000000000e+00 -1.000000000000000000e+00
2.613157878538271689e+04 -1.000000000000000000e+00 -1.000000000000000000e+00
2.625581374996158775e+04 -1.000000000000000000e+00 -1.000000000000000000e+00
2.638063935342032710e+04 -1.000000000000000000e+00 -1.000000000000000000e+00
2.650605840377919958e+04 -1.000000000000000000e+00 -1.000000000000000000e+00
2.663207372240817494e+04 -1.000000000000000000e+00 -1.000000000000000000e+00
2.675868814409080005e+04 -1.000000000000000000e+00 -1.000000000000000000e+00
2.688590451708765613e+04 -1.000000000000000000e+00 -1.000000000000000000e+00
2.701372570320056548e+04 -1.000000000000000000e+00 -1.000000000000000000e+00
2.714215457783704187e+04 -1.000000000000000000e+00 -1.000000000000000000e+00
2.727119403007469737e+04 -1.000000000000000000e+00 -1.000000000000000000e+00
2.740084696272662404e+04 -1.000000000000000000e+00 -1.000000000000000000e+00
2.753111629240637194e+04 -1.000000000000000000e+00 -1.000000000000000000e+00
2.766200494959367279e+04 -1.000000000000000000e+00 -1.000000000000000000e+00
2.779351587870047297e+04 -1.000000000000000000e+00 -1.000000000000000000e+00
2.792565203813696280e+04 -1.000000000000000000e+00 -1.000000000000000000e+00
2.805841640037826801e+04 -1.000000000000000000e+00 -1.000000000000000000e+00
2.819181195203127209e+04 -1.000000000000000000e+00 -1.000000000000000000e+00
2.832584169390178431e+04 -1.000000000000000000e+00 -1.000000000000000000e+00
2.846050864106217341e+04 -1.000000000000000000e+00 -1.000000000000000000e+00
2.859581582291896120e+04 -1.000000000000000000e+00 -1.000000000000000000e+00
2.873176628328117295e+04 -1.000000000000000000e+00 -1.000000000000000000e+00
2.886836308042870223e+04 -1.000000000000000000e+00 -1.000000000000000000e+00
2.900560928718113792e+04 -1.000000000000000000e+00 -1.000000000000000000e+00
2.914350799096696210e+04 -1.000000000000000000e+00 -1.000000000000000000e+00
2.928206229389285363e+04 -1.000000000000000000e+00 -1.000000000000000000e+00
2.942127531281357733e+04 -1.000000000000000000e+00 -1.000000000000000000e+00
2.956115017940208782e+04 -1.000000000000000000e+00 -1.000000000000000000e+00
2.970169004021991350e+04 -1.000000000000000000e+00 -1.000000000000000000e+00
2.984289805678810080e+04 -1.000000000000000000e+00 -1.000000000000000000e+00
2.998477740565812564e+04 -1.000000000000000000e+00 -1.000000000000000000e+00
3.012733127848347794e+04 -1.000000000000000000e+00 -1.000000000000000000e+00
3.027056288209143895e+04 -1.000000000000000000e+00 -1.000000000000000000e+00
3.041447543855518234e+04 -1.000000000000000000e+00 -1.000000000000000000e+00
3.055907218526638098e+04 -1.000000000000000000e+00 -1.000000000000000000e+00
3.070435637500784651e+04 -1.000000000000000000e+00 -1.000000000000000000e+00
3.085033127602679815e+04 -1.000000000000000000e+00 -1.000000000000000000e+00
3.099700017210851001e+04 -1.000000000000000000e+00 -1.000000000000000000e+00
3.114436636264982735e+04 -1.000000000000000000e+00 -1.000000000000000000e+00
3.129243316273384698e+04 -1.000000000000000000e+00 -1.000000000000000000e+00
3.144120390320412480e+04 -1.000000000000000000e+00 -1.000000000000000000e+00
3.159068193073974544e+04 -1.000000000000000000e+00 -1.000000000000000000e+00
3.174087060793072669e+04 -1.000000000000000000e+00 -1.000000000000000000e+00
3.189177331335331473e+04 -1.000000000000000000e+00 -1.000000000000000000e+00
3.204339344164643990e+04 -1.000000000000000000e+00 -1.000000000000000000e+00
3.219573440358772496e+04 -1.000000000000000000e+00 -1.000000000000000000e+00
3.234879962617033016e+04 -1.000000000000000000e+00 -1.000000000000000000e+00
3.250259255268019115e+04 -1.000000000000000000e+00 -1.000000000000000000e+00
3.265711664277310774e+04 -1.000000000000000000e+00 -1.000000000000000000e+00
3.281237537255304051e+04 -1.000000000000000000e+00 -1.000000000000000000e+00
3.296837223464994167e+04 -1.000000000000000000e+00 -1.000000000000000000e+00
3.312511073829844099e+04 -1.000000000000000000e+00 -1.000000000000000000e+00
3.328259440941694629e+04 -1.000000000000000000e+00 -1.000000000000000000e+00
3.344082679068656580e+04 -1.000000000000000000e+00 -1.000000000000000000e+00
3.359981144163130375e+04 -1.000000000000000000e+00 -1.000000000000000000e+00
3.375955193869773211e+04 -1.000000000000000000e+00 -1.000000000000000000e+00
3.392005187533560820e+04 -1.000000000000000000e+00 -1.000000000000000000e+00
3.408131486207882699e+04 -1.000000000000000000e+00 -1.000000000000000000e+00
3.424334452662627154e+04 -1.000000000000000000e+00 -1.000000000000000000e+00
3.440614451392390765e+04 -1.000000000000000000e+00 -1.000000000000000000e+00
3.456971848624637641e+04 -1.000000000000000000e+00 -1.000000000000000000e+00
3.473407012327956181e+04 -1.000000000000000000e+00 -1.000000000000000000e+00
3.489920312220346386e+04 -1.000000000000000000e+00 -1.000000000000000000e+00
3.506512119777499902e+04 -1.000000000000000000e+00 -1.000000000000000000e+00
3.523182808241206658e+04 -1.000000000000000000e+00 -1.000000000000000000e+00
3.539932752627711307e+04 -1.000000000000000000e+00 -1.000000000000000000e+00
3.556762329736162064e+04 -1.000000000000000000e+00 -1.000000000000000000e+00
3.573671918157107575e+04 -1.000000000000000000e+00 -1.000000000000000000e+00
3.590661898280963942e+04 -1.000000000000000000e+00 -1.000000000000000000e+00
3.607732652306631644e+04 -1.000000000000000000e+00 -1.000000000000000000e+00
3.624884564250047697e+04 -1.000000000000000000e+00 -1.000000000000000000e+00
3.642118019952842587e+04 -1.000000000000000000e+00 -1.000000000000000000e+00
3.659433407091032132e+04 -1.000000000000000000e+00 -1.000000000000000000e+00
3.676831115183696966e+04 -1.000000000000000000e+00 -1.000000000000000000e+00
3.694311535601802461e+04 -1.000000000000000000e+00 -1.000000000000000000e+00
3.711875061576953885e+04 -1.000000000000000000e+00 -1.000000000000000000e+00
3.729522088210264337e+04 -1.000000000000000000e+00 -1.000000000000000000e+00
3.747253012481253245e+04 -1.000000000000000000e+00 -1.000000000000000000e+00
3.765068233256737585e+04 -1.000000000000000000e+00 -1.000000000000000000e+00
3.782968151299856981e+04 -1.000000000000000000e+00 -1.000000000000000000e+00
3.800953169279046415e+04 -1.000000000000000000e+00 -1.000000000000000000e+00
3.819023691777111526e+04 -1.000000000000000000e+00 -1.000000000000000000e+00
3.837180125300342479e+04 -1.000000000000000000e+00 -1.000000000000000000e+00
3.855422878287620551e+04 -1.000000000000000000e+00 -1.000000000000000000e+00
3.873752361119654233e+04 -1.000000000000000000e+00 -1.000000000000000000e+00
3.892168986128173856e+04 -1.000000000000000000e+00 -1.000000000000000000e+00
3.910673167605222261e+04 -1.000000000000000000e+00 -1.000000000000000000e+00
3.929265321812484035e+04 -1.000000000000000000e+00 -1.000000000000000000e+00
3.947945866990615468e+04 -1.000000000000000000e+00 -1.000000000000000000e+00
3.966715223368701118e+04 -1.000000000000000000e+00 -1.000000000000000000e+00
3.985573813173666713e+04 -1.000000000000000000e+00 -1.000000000000000000e+00
4.004522060639791744e+04 -1.000000000000000000e+00 -1.000000000000000000e+00
4.023560392018267885e+04 -1.000000000000000000e+00 -1.000000000000000000e+00
4.042689235586760333e+04 -1.000000000000000000e+00 -1.000000000000000000e+00
4.061909021659059363e+04 -1.000000000000000000e+00 -1.000000000000000000e+00
4.081220182594757352e+04 -1.000000000000000000e+00 -1.000000000000000000e+00
4.100623152808968734e+04 -1.000000000000000000e+00 -1.000000000000000000e+00
4.120118368782121979e+04 -1.000000000000000000e+00 -1.000000000000000000e+00
4.139706269069750851e+04 -1.000000000000000000e+00 -1.000000000000000000e+00
4.159387294312376616e+04 -1.000000000000000000e+00 -1.000000000000000000e+00
4.179161887245419348e+04 -1.000000000000000000e+00 -1.000000000000000000e+00
4.199030492709150712e+04 -1.000000000000000000e+00 -1.000000000000000000e+00
4.218993557658716600e+04 -1.000000000000000000e+00 -1.000000000000000000e+00
4.239051531174170668e+04 -1.000000000000000000e+00 -1.000000000000000000e+00
4.259204864470587927e+04 -1.000000000000000000e+00 -1.000000000000000000e+00
4.279454010908216151e+04 -1.000000000000000000e+00 -1.000000000000000000e+00
4.299799426002667315e+04 -1.000000000000000000e+00 -1.000000000000000000e+00
4.320241567435181059e+04 -1.000000000000000000e+00 -1.000000000000000000e+00
4.340780895062897616e+04 -1.000000000000000000e+00 -1.000000000000000000e+00
4.361417870929216588e+04 -1.000000000000000000e+00 -1.000000000000000000e+00
4.382152959274189197e+04 -1.000000000000000000e+00 -1.000000000000000000e+00
4.402986626544956380e+04 -1.000000000000000000e+00 -1.000000000000000000e+00
4.423919341406256717e+04 -1.000000000000000000e+00 -1.000000000000000000e+00
4.444951574750948930e+04 -1.000000000000000000e+00 -1.000000000000000000e+00
4.466083799710610765e+04 -1.000000000000000000e+00 -1.000000000000000000e+00
4.487316491666207003e+04 -1.000000000000000000e+00 -1.000000000000000000e+00
4.508650128258728364e+04 -1.000000000000000000e+00 -1.000000000000000000e+00
4.530085189400002855e+04 -1.000000000000000000e+00 -1.000000000000000000e+00
4.551622157283443084e+04 -1.000000000000000000e+00 -1.000000000000000000e+00
4.573261516394905630e+04 -1.000000000000000000e+00 -1.000000000000000000e+00
4.595003753523614432e+04 -1.000000000000000000e+00 -1.000000000000000000e+00
4.616849357773058728e+04 -1.000000000000000000e+00 -1.000000000000000000e+00
4.638798820572059049e+04 -1.000000000000000000e+00 -1.000000000000000000e+00
4.660852635685772111e+04 -1.000000000000000000e+00 -1.000000000000000000e+00
4.683011299226817209e+04 -1.000000000000000000e+00 -1.000000000000000000e+00
4.705275309666455723e+04 -1.000000000000000000e+00 -1.000000000000000000e+00
4.727645167845751712e+04 -1.000000000000000000e+00 -1.000000000000000000e+00
4.750121376986904215e+04 -1.000000000000000000e+00 -1.000000000000000000e+00
4.772704442704517714e+04 -1.000000000000000000e+00 -1.000000000000000000e+00
4.795394873016991914e+04 -1.000000000000000000e+00 -1.000000000000000000e+00
4.818193178357973375e+04 -1.000000000000000000e+00 -1.000000000000000000e+00
4.841099871587781672e+04 -1.000000000000000000e+00 -1.000000000000000000e+00
4.864115468005013099e+04 -1.000000000000000000e+00 -1.000000000000000000e+00
4.887240485358084698e+04 -1.000000000000000000e+00 -1.000000000000000000e+00
4.910475443856893980e+04 -1.000000000000000000e+00 -1.000000000000000000e+00
4.933820866184546321e+04 -1.000000000000000000e+00 -1.000000000000000000e+00
4.957277277509056148e+04 -1.000000000000000000e+00 -1.000000000000000000e+00
4.980845205495231494e+04 -1.000000000000000000e+00 -1.000000000000000000e+00
5.004525180316487240e+04 -1.000000000000000000e+00 -1.000000000000000000e+00
5.028317734666792967e+04 -1.000000000000000000e+00 -1.000000000000000000e+00
5.052223403772679012e+04 -1.000000000000000000e+00 -1.000000000000000000e+00
5.076242725405216333e+04 -1.000000000000000000e+00 -1.000000000000000000e+00
5.100376239892186277e+04 -1.000000000000000000e+00 -1.000000000000000000e+00
5.124624490130184131e+04 -1.000000000000000000e+00 -1.000000000000000000e+00
5.148988021596843464e+04 -1.000000000000000000e+00 -1.000000000000000000e+00
5.173467382363137585e+04 -1.000000000000000000e+00 -1.000000000000000000e+00
5.198063123105644627e+04 -1.000000000000000000e+00 -1.000000000000000000e+00
5.222775797119011258e+04 -1.000000000000000000e+00 -1.000000000000000000e+00
5.247605960328337824e+04 -1.000000000000000000e+00 -1.000000000000000000e+00
5.272554171301712631e+04 -1.000000000000000000e+00 -1.000000000000000000e+00
5.297620991262792813e+04 -1.000000000000000000e+00 -1.000000000000000000e+00
5.322806984103371360e+04 -1.000000000000000000e+00 -1.000000000000000000e+00
5.348112716396137694e+04 -1.000000000000000000e+00 -1.000000000000000000e+00
5.373538757407364756e+04 -1.000000000000000000e+00 -1.000000000000000000e+00
5.399085679109736520e+04 -1.000000000000000000e+00 -1.000000000000000000e+00
5.424754056195235171e+04 -1.000000000000000000e+00 -1.000000000000000000e+00
5.450544466088008630e+04 -1.000000000000000000e+00 -1.000000000000000000e+00
5.476457488957440364e+04 -1.000000000000000000e+00 -1.000000000000000000e+00
5.502493707731136237e+04 -1.000000000000000000e+00 -1.000000000000000000e+00
5.528653708108061255e+04 -1.000000000000000000e+00 -1.000000000000000000e+00
5.554938078571738151e+04 -1.000000000000000000e+00 -1.000000000000000000e+00
5.581347410403424146e+04 -1.000000000000000000e+00 -1.000000000000000000e+00
5.607882297695488523e+04 -1.000000000000000000e+00 -1.000000000000000000e+00
5.634543337364715990e+04 -1.000000000000000000e+00 -1.000000000000000000e+00
5.661331129165762104e+04 -1.000000000000000000e+00 -1.000000000000000000e+00
5.688246275704658910e+04 -1.000000000000000000e+00 -1.000000000000000000e+00
5.715289382452314749e+04 -1.000000000000000000e+00 -1.000000000000000000e+00
5.742461057758212701e+04 -1.000000000000000000e+00 -1.000000000000000000e+00
5.769761912864035548e+04 -1.000000000000000000e+00 -1.000000000000000000e+00
5.797192561917431885e+04 -1.000000000000000000e+00 -1.000000000000000000e+00
5.824753621985854988e+04 -1.000000000000000000e+00 -1.000000000000000000e+00
5.852445713070410420e+04 -1.000000000000000000e+00 -1.000000000000000000e+00
5.880269458119819319e+04 -1.000000000000000000e+00 -1.000000000000000000e+00
5.908225483044434804e+04 -1.000000000000000000e+00 -1.000000000000000000e+00
5.936314416730308585e+04 -1.000000000000000000e+00 -1.000000000000000000e+00
5.964536891053371073e+04 -1.000000000000000000e+00 -1.000000000000000000e+00
5.992893540893595491e+04 -1.000000000000000000e+00 -1.000000000000000000e+00
6.021385004149321321e+04 -1.000000000000000000e+00 -1.000000000000000000e+00
6.050011921751585032e+04 -1.000000000000000000e+00 -1.000000000000000000e+00
6.078774937678536662e+04 -1.000000000000000000e+00 -1.000000000000000000e+00
6.107674698969953897e+04 -1.000000000000000000e+00 -1.000000000000000000e+00
6.136711855741751788e+04 -1.000000000000000000e+00 -1.000000000000000000e+00
6.165887061200645257e+04 -1.000000000000000000e+00 -1.000000000000000000e+00
6.195200971658823255e+04 -1.000000000000000000e+00 -1.000000000000000000e+00
6.224654246548718947e+04 -1.000000000000000000e+00 -1.000000000000000000e+00
6.254247548437858495e+04 -1.000000000000000000e+00 -1.000000000000000000e+00
6.283981543043736019e+04 -1.000000000000000000e+00 -1.000000000000000000e+00
6.313856899248811533e+04 -1.000000000000000000e+00 -1.000000000000000000e+00
6.343874289115549618e+04 -1.000000000000000000e+00 -1.000000000000000000e+00
6.374034387901534501e+04 -1.000000000000000000e+00 -1.000000000000000000e+00
6.404337874074683350e+04 -1.000000000000000000e+00 -1.000000000000000000e+00
6.434785429328476312e+04 -1.000000000000000000e+00 -1.000000000000000000e+00
6.465377738597299322e+04 -1.000000000000000000e+00 -1.000000000000000000e+00
6.496115490071890963e+04 -1.000000000000000000e+00 -1.000000000000000000e+00
6.526999375214742759e+04 -1.000000000000000000e+00 -1.000000000000000000e+00
6.558030088775749027e+04 -1.000000000000000000e+00 -1.000000000000000000e+00
6.589208328807765793e+04 -1.000000000000000000e+00 -1.000000000000000000e+00
6.620534796682333399e+04 -1.000000000000000000e+00 -1.000000000000000000e+00
6.652010197105488623e+04 -1.000000000000000000e+00 -1.000000000000000000e+00
6.683635238133539679e+04 -1.000000000000000000e+00 -1.000000000000000000e+00
6.715410631189089327e+04 -1.000000000000000000e+00 -1.000000000000000000e+00
6.747337091076961951e+04 -1.000000000000000000e+00 -1.000000000000000000e+00
6.779415336000316893e+04 -1.000000000000000000e+00 -1.000000000000000000e+00
6.811646087576824357e+04 -1.000000000000000000e+00 -1.000000000000000000e+00
6.844030070854829683e+04 -1.000000000000000000e+00 -1.000000000000000000e+00
6.876568014329754806e+04 -1.000000000000000000e+00 -1.000000000000000000e+00
6.909260649960415321e+04 -1.000000000000000000e+00 -1.000000000000000000e+00
6.942108713185510715e+04 -1.000000000000000000e+00 -1.000000000000000000e+00
6.975112942940196081e+04 -1.000000000000000000e+00 -1.000000000000000000e+00
7.008274081672629109e+04 -1.000000000000000000e+00 -1.000000000000000000e+00
7.041592875360770267e+04 -1.000000000000000000e+00 -1.000000000000000000e+00
7.075070073529088404e+04 -1.000000000000000000e+00 -1.000000000000000000e+00
7.108706429265442421e+04 -1.000000000000000000e+00 -1.000000000000000000e+00
7.142502699238060450e+04 -1.000000000000000000e+00 -1.000000000000000000e+00
7.176459643712476827e+04 -1.000000000000000000e+00 -1.000000000000000000e+00
7.210578026568741188e+04 -1.000000000000000000e+00 -1.000000000000000000e+00
7.244858615318509692e+04 -1.000000000000000000e+00 -1.000000000000000000e+00
7.279302181122358888e+04 -1.000000000000000000e+00 -1.000000000000000000e+00
7.313909498807147611e+04 -1.000000000000000000e+00 -1.000000000000000000e+00
7.348681346883368678e+04 -1.000000000000000000e+00 -1.000000000000000000e+00
7.383618507562774175e+04 -1.000000000000000000e+00 -1.000000000000000000e+00
7.418721766775877040e+04 -1.000000000000000000e+00 -1.000000000000000000e+00
7.453991914189672389e+04 -1.000000000000000000e+00 -1.000000000000000000e+00
7.489429743225425773e+04 -1.000000000000000000e+00 -1.000000000000000000e+00
7.525036051076438162e+04 -1.000000000000000000e+00 -1.000000000000000000e+00
7.560811638726088859e+04 -1.000000000000000000e+00 -1.000000000000000000e+00
7.596757310965763463e+04 -1.000000000000000000e+00 -1.000000000000000000e+00
7.632873876412998652e+04 -1.000000000000000000e+00 -1.000000000000000000e+00
7.669162147529696813e+04 -1.000000000000000000e+00 -1.000000000000000000e+00
7.705622940640318848e+04 -1.000000000000000000e+00 -1.000000000000000000e+00
7.742257075950353465e+04 -1.000000000000000000e+00 -1.000000000000000000e+00
7.779065377564690425e+04 -1.000000000000000000e+00 -1.000000000000000000e+00
7.816048673506182968e+04 -1.000000000000000000e+00 -1.000000000000000000e+00
7.853207795734309184e+04 -1.000000000000000000e+00 -1.000000000000000000e+00
7.890543580163801380e+04 -1.000000000000000000e+00 -1.000000000000000000e+00
7.928056866683556291e+04 -1.000000000000000000e+00 -1.000000000000000000e+00
7.965748499175452162e+04 -1.000000000000000000e+00 -1.000000000000000000e+00
8.003619325533353549e+04 -1.000000000000000000e+00 -1.000000000000000000e+00
8.041670197682217986e+04 -1.000000000000000000e+00 -1.000000000000000000e+00
8.079901971597179363e+04 -1.000000000000000000e+00 -1.000000000000000000e+00
8.118315507322912163e+04 -1.000000000000000000e+00 -1.000000000000000000e+00
8.156911668992886553e+04 -1.000000000000000000e+00 -1.000000000000000000e+00
8.195691324848847580e+04 -1.000000000000000000e+00 -1.000000000000000000e+00
8.234655347260370036e+04 -1.000000000000000000e+00 -1.000000000000000000e+00
8.273804612744403130e+04 -1.000000000000000000e+00 -1.000000000000000000e+00
8.313140001985091658e+04 -1.000000000000000000e+00 -1.000000000000000000e+00
8.352662399853508396e+04 -1.000000000000000000e+00 -1.000000000000000000e+00
8.392372695427584404e+04 -1.000000000000000000e+00 -1.000000000000000000e+00
8.432271782012147014e+04 -1.000000000000000000e+00 -1.000000000000000000e+00
8.472360557158921438e+04 -1.000000000000000000e+00 -1.000000000000000000e+00
8.512639922686840873e+04 -1.000000000000000000e+00 -1.000000000000000000e+00
8.553110784702235833e+04 -1.000000000000000000e+00 -1.000000000000000000e+00
8.593774053619257757e+04 -1.000000000000000000e+00 -1.000000000000000000e+00
8.634630644180384115e+04 -1.000000000000000000e+00 -1.000000000000000000e+00
8.675681475476936612e+04 -1.000000000000000000e+00 -1.000000000000000000e+00
8.716927470969804563e+04 -1.000000000000000000e+00 -1.000000000000000000e+00
8.758369558510197385e+04 -1.000000000000000000e+00 -1.000000000000000000e+00
8.800008670360512042e+04 -1.000000000000000000e+00 -1.000000000000000000e+00
8.841845743215350376e+04 -1.000000000000000000e+00 -1.000000000000000000e+00
8.883881718222516065e+04 -1.000000000000000000e+00 -1.000000000000000000e+00
8.926117541004245868e+04 -1.000000000000000000e+00 -1.000000000000000000e+00
8.968554161678452510e+04 -1.000000000000000000e+00 -1.000000000000000000e+00
9.011192534880105813e+04 -1.000000000000000000e+00 -1.000000000000000000e+00
9.054033619782728783e+04 -1.000000000000000000e+00 -1.000000000000000000e+00
9.097078380119934445e+04 -1.000000000000000000e+00 -1.000000000000000000e+00
9.140327784207128570e+04 -1.000000000000000000e+00 -1.000000000000000000e+00
9.183782804963295348e+04 -1.000000000000000000e+00 -1.000000000000000000e+00
9.227444419932864548e+04 -1.000000000000000000e+00 -1.000000000000000000e+00
9.271313611307748943e+04 -1.000000000000000000e+00 -1.000000000000000000e+00
9.315391365949374449e+04 -1.000000000000000000e+00 -1.000000000000000000e+00
9.359678675410909636e+04 -1.000000000000000000e+00 -1.000000000000000000e+00
9.404176535959616012e+04 -1.000000000000000000e+00 -1.000000000000000000e+00
9.448885948599147378e+04 -1.000000000000000000e+00 -1.000000000000000000e+00
9.493807919092204247e+04 -1.000000000000000000e+00 -1.000000000000000000e+00
9.538943457983055850e+04 -1.000000000000000000e+00 -1.000000000000000000e+00
9.584293580620306602e+04 -1.000000000000000000e+00 -1.000000000000000000e+00
9.629859307179778989e+04 -1.000000000000000000e+00 -1.000000000000000000e+00
9.675641662687358621e+04 -1.000000000000000000e+00 -1.000000000000000000e+00
9.721641677042179799e+04 -1.000000000000000000e+00 -1.000000000000000000e+00
9.767860385039699031e+04 -1.000000000000000000e+00 -1.000000000000000000e+00
9.814298826395001379e+04 -1.000000000000000000e+00 -1.000000000000000000e+00
9.860958045766236319e+04 -1.000000000000000000e+00 -1.000000000000000000e+00
9.907839092778002669e+04 -1.000000000000000000e+00 -1.000000000000000000e+00
9.954943022045104590e+04 -1.000000000000000000e+00 -1.000000000000000000e+00
1.000227089319616643e+05 -1.000000000000000000e+00 -1.000000000000000000e+00
1.004982377089751535e+05 -1.000000000000000000e+00 -1.000000000000000000e+00
1.009760272487711190e+05 -1.000000000000000000e+00 -1.000000000000000000e+00
1.014560882994866261e+05 -1.000000000000000000e+00 -1.000000000000000000e+00
1.019384316603572515e+05 -1.000000000000000000e+00 -1.000000000000000000e+00
1.024230681819605234e+05 -1.000000000000000000e+00 -1.000000000000000000e+00
1.029100087664598686e+05 -1.000000000000000000e+00 -1.000000000000000000e+00
1.033992643678497261e+05 -1.000000000000000000e+00 -1.000000000000000000e+00
1.038908459922025067e+05 -1.000000000000000000e+00 -1.000000000000000000e+00
1.043847646979153506e+05 -1.000000000000000000e+00 -1.000000000000000000e+00
1.048810315959595318e+05 -1.000000000000000000e+00 -1.000000000000000000e+00
1.053796578501301119e+05 -1.000000000000000000e+00 -1.000000000000000000e+00
1.058806546772971051e+05 -1.000000000000000000e+00 -1.000000000000000000e+00
1.063840333476581727e+05 -1.000000000000000000e+00 -1.000000000000000000e+00
1.068898051849914918e+05 -1.000000000000000000e+00 -1.000000000000000000e+00
1.073979815669109521e+05 -1.000000000000000000e+00 -1.000000000000000000e+00
1.079085739251220366e+05 -1.000000000000000000e+00 -1.000000000000000000e+00
1.084215937456787506e+05 -1.000000000000000000e+00 -1.000000000000000000e+00
1.089370525692425726e+05 -1.000000000000000000e+00 -1.000000000000000000e+00
1.094549619913413335e+05 -1.000000000000000000e+00 -1.000000000000000000e+00
1.099753336626305536e+05 -1.000000000000000000e+00 -1.000000000000000000e+00
1.104981792891553487e+05 -1.000000000000000000e+00 -1.000000000000000000e+00
1.110235106326137757e+05 -1.000000000000000000e+00 -1.000000000000000000e+00
1.115513395106216922e+05 -1.000000000000000000e+00 -1.000000000000000000e+00
1.120816777969780960e+05 -1.000000000000000000e+00 -1.000000000000000000e+00
1.126145374219325895e+05 -1.000000000000000000e+00 -1.000000000000000000e+00
1.131499303724536439e+05 -1.000000000000000000e+00 -1.000000000000000000e+00
1.136878686924981594e+05 -1.000000000000000000e+00 -1.000000000000000000e+00
1.142283644832829013e+05 -1.000000000000000000e+00 -1.000000000000000000e+00
1.147714299035559816e+05 -1.000000000000000000e+00 -1.000000000000000000e+00
1.153170771698707831e+05 -1.000000000000000000e+00 -1.000000000000000000e+00
1.158653185568607878e+05 -1.000000000000000000e+00 -1.000000000000000000e+00
1.164161663975155534e+05 -1.000000000000000000e+00 -1.000000000000000000e+00
1.169696330834584951e+05 -1.000000000000000000e+00 -1.000000000000000000e+00
1.175257310652251181e+05 -1.000000000000000000e+00 -1.000000000000000000e+00
1.180844728525434039e+05 -1.000000000000000000e+00 -1.000000000000000000e+00
1.186458710146151570e+05 -1.000000000000000000e+00 -1.000000000000000000e+00
1.192099381803990400e+05 -1.000000000000000000e+00 -1.000000000000000000e+00
1.197766870388941607e+05 -1.000000000000000000e+00 -1.000000000000000000e+00
1.203461303394257993e+05 -1.000000000000000000e+00 -1.000000000000000000e+00
1.209182808919322415e+05 -1.000000000000000000e+00 -1.000000000000000000e+00
1.214931515672527312e+05 -1.000000000000000000e+00 -1.000000000000000000e+00
1.220707552974175196e+05 -1.000000000000000000e+00 -1.000000000000000000e+00
1.226511050759381033e+05 -1.000000000000000000e+00 -1.000000000000000000e+00
1.232342139580999356e+05 -1.000000000000000000e+00 -1.000000000000000000e+00
1.238200950612559827e+05 -1.000000000000000000e+00 -1.000000000000000000e+00
1.244087615651217347e+05 -1.000000000000000000e+00 -1.000000000000000000e+00
1.250002267120721808e+05 -1.000000000000000000e+00 -1.000000000000000000e+00
1.255945038074389158e+05 -1.000000000000000000e+00 -1.000000000000000000e+00
1.261916062198100262e+05 -1.000000000000000000e+00 -1.000000000000000000e+00
1.267915473813305725e+05 -1.000000000000000000e+00 -1.000000000000000000e+00
1.273943407880047744e+05 -1.000000000000000000e+00 -1.000000000000000000e+00
1.279999999999999854e+05 -1.000000000000000000e+00 -1.000000000000000000e+00
